Urb	Comp	Child	Day	pAge	SEC	Ncar	Gend	Driver	wstat	Pwstat	Xdag	Xn-dag	Xarb	Xpop	Ddag	Dn-dag	Darb	Dpop	Empty	Empty	Duration	Ratio	Durbreak
2	3	0	0	0	3	2	1	1	2	2	3	1	1	2	0	3	3	4	0	0	4	2	67
0	0	0	1	0	0	0	1	1	0	1	5	5	5	5	0	1	1	0	0	0	1	4	90
4	2	0	1	1	3	2	0	1	0	2	0	0	0	0	5	5	5	5	0	0	1	3	200
4	3	2	1	1	3	2	0	1	1	1	0	0	0	0	5	5	5	5	0	0	3	1	61
2	3	0	2	2	3	2	1	1	2	1	1	0	0	1	1	0	0	1	0	0	2	2	30
1	1	0	2	1	2	0	0	1	2	0	1	4	4	2	3	3	2	4	0	0	1	0	92
4	4	0	2	3	1	2	1	1	0	0	0	0	0	0	5	5	5	5	0	0	3	2	60
0	1	0	3	0	1	0	0	1	2	1	5	5	5	5	0	0	0	0	0	0	3	1	31
1	2	0	4	1	3	2	1	1	2	0	4	4	4	3	1	1	1	1	0	0	1	4	120
1	3	0	4	0	2	1	1	1	2	1	5	4	4	5	3	3	3	0	0	0	1	3	225
4	3	0	4	1	3	2	0	1	2	2	1	1	0	1	0	0	5	0	0	0	3	1	15
2	4	0	0	3	0	1	1	1	0	0	0	0	0	0	5	5	5	5	0	0	0	2	100
0	1	0	0	0	2	0	0	1	2	0	5	5	4	5	0	0	0	0	0	0	3	1	23
4	3	3	0	1	3	1	1	1	2	1	0	0	0	0	5	5	5	5	0	0	1	4	50
2	3	1	0	1	2	1	1	1	2	1	3	3	2	1	4	3	3	4	0	0	3	1	46
4	1	0	0	2	1	1	0	1	1	0	0	0	0	0	5	5	5	5	0	0	2	2	31
3	2	0	0	1	3	1	1	1	2	0	0	4	1	0	5	5	5	5	0	0	2	2	60
3	2	2	0	1	3	2	1	1	2	0	2	1	0	1	0	0	2	3	0	0	3	3	65
1	3	0	0	1	3	1	1	1	2	1	4	4	3	4	1	0	0	0	0	0	2	2	40
4	3	0	0	1	3	1	0	1	1	2	1	0	0	0	5	5	5	5	0	0	4	4	141
0	1	0	0	1	2	0	0	1	2	2	5	5	5	5	0	0	0	0	0	0	2	2	35
0	3	0	0	1	2	2	1	1	2	2	5	5	4	5	0	3	3	1	0	0	2	1	30
0	3	0	0	1	2	2	0	1	2	2	5	5	4	5	0	3	3	1	0	0	2	2	60
3	2	2	0	1	1	1	1	1	2	0	0	0	0	0	5	5	5	5	0	0	2	3	35
1	4	2	0	1	0	1	1	1	0	0	5	5	4	3	0	0	0	0	0	0	1	3	190
2	1	3	0	1	3	1	0	1	2	0	3	4	4	3	4	4	4	3	0	0	2	3	30
2	3	0	0	1	3	2	1	1	2	1	1	3	2	1	1	1	1	2	0	0	2	1	15
4	2	0	0	1	1	2	1	1	2	0	0	0	0	0	5	5	5	5	0	0	1	1	90
2	2	3	0	1	3	1	1	1	2	0	1	2	4	1	1	0	2	1	0	0	1	4	175
4	3	2	0	1	3	2	0	1	1	2	0	0	0	0	5	5	5	5	0	0	2	3	40
0	2	1	0	1	3	2	1	1	2	0	1	1	4	2	4	5	4	0	0	0	1	4	15
3	3	0	0	1	2	2	1	1	2	1	1	1	0	1	4	3	4	4	0	0	2	2	50
3	3	0	0	1	2	2	0	1	1	2	1	1	0	1	4	3	4	4	0	0	1	1	145
4	4	0	0	2	2	1	0	1	0	0	0	0	0	0	5	5	5	5	0	0	4	4	70
3	3	0	0	1	2	1	1	1	2	1	3	1	1	2	4	4	3	4	0	0	4	3	31
1	3	0	0	1	2	1	1	1	2	1	1	3	2	2	4	4	4	0	0	0	4	2	55
1	2	0	0	2	2	1	1	1	2	0	2	5	4	2	4	0	4	4	0	0	1	4	40
4	3	2	0	1	2	1	1	1	1	1	1	0	0	1	5	5	5	4	0	0	0	0	125
4	3	2	0	1	2	1	0	1	1	1	1	0	0	1	5	5	5	4	0	0	1	2	35
1	3	3	0	1	3	2	0	1	1	2	1	1	0	1	1	5	5	1	0	0	2	2	33
4	4	0	0	3	0	1	1	1	0	0	0	0	0	0	5	5	5	5	0	0	1	2	65
2	3	0	0	0	1	1	1	1	2	2	4	4	4	3	4	3	3	0	0	0	1	0	120
4	3	0	0	0	2	2	0	1	2	2	0	0	0	0	5	5	5	5	0	0	3	1	30
1	3	3	0	1	2	1	1	1	2	1	1	1	1	1	4	5	5	5	0	0	4	4	130
2	1	0	0	0	1	1	1	1	2	0	1	4	3	2	3	5	3	0	0	0	3	2	18
0	1	0	0	0	2	0	0	1	2	0	5	5	5	5	1	1	1	1	0	0	2	1	30
4	3	0	0	1	3	2	1	1	2	1	0	0	0	0	5	5	5	5	0	0	1	0	150
3	1	0	0	0	1	1	1	1	2	0	0	0	0	0	5	5	5	5	0	0	1	1	85
2	2	1	0	1	2	1	1	1	2	0	1	0	0	1	1	0	0	1	0	0	2	2	35
3	2	3	0	2	3	1	1	1	2	0	0	0	0	0	5	5	5	0	0	0	2	2	50
2	1	0	0	1	2	2	0	1	1	2	3	3	0	2	0	0	0	1	0	0	2	1	90
3	3	0	1	0	3	1	0	1	1	2	0	0	0	0	5	5	5	5	0	0	1	1	120
3	1	0	0	1	1	1	1	1	2	1	0	1	0	0	5	5	5	5	0	0	2	4	157
2	2	2	0	1	1	1	1	1	2	0	5	4	4	5	4	3	3	4	0	0	1	1	110
4	2	0	0	1	1	1	1	1	2	0	1	0	0	0	4	5	5	5	0	0	4	1	80
2	3	2	0	1	3	1	0	1	1	2	4	4	1	1	1	4	4	3	0	0	1	1	90
4	2	0	0	2	3	2	1	1	2	0	0	0	0	0	5	5	5	5	0	0	4	1	50
2	3	0	0	2	3	2	1	1	2	1	3	5	4	4	2	1	2	3	0	0	1	2	45
3	1	0	0	0	1	1	0	1	2	0	3	4	4	1	4	4	3	4	0	0	1	2	109
3	3	0	0	2	1	1	1	1	2	2	1	0	0	0	4	0	5	5	0	0	1	0	45
1	2	2	0	1	3	1	1	1	2	0	5	4	3	4	1	3	2	2	0	0	1	3	50
1	2	0	0	1	2	1	0	1	2	0	3	2	1	3	3	3	2	3	0	0	1	1	190
3	1	0	0	1	2	1	0	1	2	0	1	0	0	0	4	0	5	5	0	0	3	1	38
3	2	0	0	2	3	1	1	1	2	0	1	1	0	1	0	0	0	0	0	0	2	2	52
0	1	0	0	0	2	1	1	1	2	0	5	5	5	5	2	1	0	0	0	0	2	1	20
4	3	3	0	1	3	2	0	1	2	2	0	0	0	0	5	5	5	5	0	0	0	4	45
0	1	0	0	0	0	2	0	0	2	0	5	5	4	5	2	2	2	3	0	0	1	3	30
2	2	0	0	2	0	1	1	1	2	0	3	4	3	2	4	4	4	4	0	0	1	1	105
4	3	3	0	1	3	2	1	1	2	1	3	1	0	2	4	4	3	4	0	0	1	4	35
1	2	2	0	1	3	1	1	1	2	0	5	4	4	5	1	1	1	1	0	0	1	3	105
0	3	0	0	1	3	2	1	1	2	2	3	4	4	3	1	3	2	0	0	0	1	2	50
1	3	0	0	1	2	1	0	1	1	2	2	4	3	2	4	3	3	4	0	0	0	1	95
2	3	0	0	0	3	1	1	1	2	2	5	4	4	4	1	1	1	3	0	0	1	3	181
2	3	1	0	1	1	1	0	1	2	2	4	4	3	3	1	0	1	2	0	0	1	1	85
2	2	0	0	1	2	2	1	1	2	0	3	1	1	4	2	1	2	2	0	0	1	1	70
3	3	0	0	1	1	2	0	1	2	2	3	3	1	1	4	3	3	4	0	0	2	2	124
3	2	0	0	2	1	1	1	1	2	0	0	0	0	0	5	5	5	5	0	0	4	4	160
4	3	0	0	2	3	1	1	1	2	1	0	0	0	0	5	5	5	5	0	0	2	2	55
2	3	1	0	0	1	2	1	1	2	1	1	3	1	1	3	5	5	4	0	0	4	2	30
4	3	2	0	1	0	2	0	1	2	2	0	0	0	0	5	5	5	5	0	0	1	1	270
2	2	3	0	1	2	1	1	1	0	1	1	3	1	1	3	4	4	4	0	0	1	2	60
4	1	0	0	1	3	2	0	1	2	2	0	0	0	0	5	5	5	5	0	0	4	4	140
4	1	0	0	0	0	1	0	1	2	0	1	1	0	0	0	5	5	5	0	0	2	0	31
2	3	3	0	1	2	1	0	1	1	2	1	1	0	2	2	2	2	3	0	0	1	3	35
4	2	3	0	1	1	1	0	1	0	2	1	0	0	0	5	5	5	5	0	0	1	2	70
3	3	1	0	0	1	1	1	1	2	1	1	1	0	0	0	0	5	3	0	0	2	1	74
3	2	1	0	1	1	1	1	1	2	0	3	1	0	2	0	4	3	0	0	0	1	1	75
2	3	2	0	1	3	2	0	1	1	2	3	3	1	4	3	2	3	4	0	0	2	1	50
2	3	0	0	0	2	1	0	1	2	2	1	2	0	1	0	0	2	0	0	0	1	2	162
2	3	0	0	1	3	1	1	1	2	1	3	1	0	2	2	2	2	3	0	0	1	3	85
1	3	0	0	0	1	1	1	1	2	2	5	5	5	5	3	3	0	0	0	0	4	0	45
3	2	1	0	0	1	2	1	1	2	0	0	0	0	0	5	5	5	5	0	0	2	2	72
3	2	0	0	2	2	1	1	1	2	0	1	0	0	1	0	0	5	3	0	0	2	1	87
1	3	0	0	1	3	2	0	1	2	2	1	3	2	2	4	5	3	4	0	0	3	3	35
1	1	0	0	1	3	1	0	1	2	0	3	3	2	2	4	3	3	4	0	0	3	3	35
0	3	2	0	1	3	2	0	1	1	0	4	4	4	4	4	3	3	4	0	0	1	2	60
3	2	0	0	1	2	1	1	1	2	0	1	0	0	0	5	5	5	5	0	0	2	3	45
4	2	0	0	2	3	1	1	1	2	0	0	0	0	0	5	5	5	5	0	0	2	2	46
1	1	0	0	1	3	1	1	1	2	0	2	4	4	2	3	3	4	4	0	0	2	2	10
2	1	0	0	1	1	1	1	1	2	2	2	1	0	1	4	4	5	3	0	0	3	0	75
3	3	0	0	2	3	2	0	1	1	2	1	1	0	0	5	0	5	0	0	0	1	1	50
0	1	0	0	1	3	1	1	1	2	0	4	4	4	5	3	3	2	0	0	0	2	3	70
3	3	3	0	1	3	1	1	1	2	1	2	1	0	1	1	1	4	2	0	0	2	3	61
4	2	0	0	2	3	2	1	1	2	0	0	0	0	0	5	5	5	5	0	0	2	1	60
4	2	0	0	2	3	1	1	1	2	0	0	0	0	0	5	5	5	5	0	0	3	2	35
2	1	0	0	0	2	1	0	1	2	1	3	2	0	1	4	3	4	4	0	0	2	2	50
0	3	0	0	1	3	2	1	1	2	2	5	5	5	5	1	1	1	0	0	0	1	1	250
3	3	1	0	0	2	1	0	1	1	2	0	0	0	0	5	5	5	5	0	0	4	1	32
3	3	3	0	1	3	2	1	1	2	2	1	1	1	1	4	4	3	4	0	0	1	4	115
3	3	0	0	0	2	1	0	1	2	2	1	1	0	0	4	4	3	4	0	0	1	3	65
4	3	1	0	1	2	1	0	1	1	1	0	0	0	0	5	5	5	5	0	0	1	4	165
1	3	0	0	2	1	1	0	1	2	2	5	4	2	4	2	2	2	0	0	0	1	3	65
1	3	3	0	1	3	1	1	1	1	2	5	4	4	5	0	0	0	0	0	0	1	1	50
2	3	1	0	1	3	2	0	1	1	2	2	1	0	2	4	3	2	4	0	0	1	4	25
3	4	0	0	2	1	1	1	1	0	0	1	0	0	0	5	5	5	5	0	0	1	1	35
2	3	2	0	1	3	1	1	1	2	1	1	1	3	1	0	5	5	0	0	0	2	3	40
4	2	0	0	1	3	2	1	1	2	0	0	0	0	0	5	5	5	5	0	0	1	1	60
1	3	0	0	0	3	1	1	1	2	2	3	2	1	2	0	3	1	2	0	0	2	1	40
0	1	3	0	1	1	1	1	1	2	2	1	4	4	1	4	3	2	4	0	0	1	3	125
0	2	0	0	1	3	2	1	1	2	0	5	5	4	5	2	2	2	3	0	0	4	3	225
0	2	0	0	1	3	2	0	1	0	2	5	5	4	5	2	2	2	3	0	0	4	3	225
3	1	0	0	1	1	1	1	1	2	0	0	0	0	0	5	5	5	5	0	0	2	2	53
3	1	0	0	1	3	1	1	1	2	1	1	0	0	0	5	5	5	5	0	0	1	1	30
4	3	0	0	1	3	2	0	1	1	2	1	0	0	0	2	5	5	5	0	0	2	1	55
4	2	0	0	2	3	1	1	1	2	0	0	0	0	0	5	5	5	5	0	0	4	3	120
3	3	3	0	1	3	1	1	1	2	1	3	1	1	2	3	2	2	4	0	0	2	2	60
1	2	2	0	1	2	1	1	1	2	0	5	4	4	2	3	3	2	4	0	0	3	2	35
3	3	3	0	1	3	1	0	1	1	2	1	0	0	1	0	0	0	1	0	0	2	1	55
4	3	1	0	1	1	1	1	1	2	1	0	0	0	0	5	5	5	5	0	0	2	2	33
3	3	0	0	2	3	2	1	1	2	1	2	0	0	0	0	5	5	5	0	0	1	1	52
3	3	0	0	2	3	2	0	1	1	2	2	0	0	0	0	5	5	5	0	0	1	1	52
3	2	0	0	1	3	2	1	1	2	0	1	1	0	0	5	5	5	5	0	0	3	3	25
2	4	3	0	1	1	1	1	1	0	0	1	3	1	2	4	3	5	0	0	0	2	3	31
4	3	0	0	0	2	2	1	1	2	2	0	0	0	0	5	5	5	5	0	0	1	1	165
1	3	0	0	2	3	2	0	1	2	2	3	1	1	3	4	3	3	3	0	0	2	1	48
1	3	3	0	1	3	2	0	1	1	2	5	4	4	2	0	0	2	4	0	0	3	3	60
0	1	0	0	1	0	1	0	1	2	0	5	5	5	5	2	2	2	3	0	0	2	1	12
4	3	2	0	1	3	1	0	1	1	2	1	0	0	0	5	4	5	5	0	0	0	2	120
3	0	0	0	3	2	2	1	1	0	0	0	0	0	0	5	5	5	5	0	0	1	1	105
4	3	2	0	1	3	2	1	1	2	1	0	0	0	0	5	5	5	5	0	0	0	3	280
2	3	0	0	1	3	2	1	1	2	2	0	3	2	1	4	4	4	2	0	0	2	3	30
2	3	0	0	0	3	1	1	1	2	2	2	1	0	2	4	3	2	4	0	0	2	1	15
0	2	1	0	1	1	1	1	1	2	0	5	5	5	5	2	2	2	1	0	0	4	4	20
2	2	3	0	2	3	2	1	1	2	0	1	1	0	2	2	2	5	0	0	0	2	3	60
4	3	0	0	1	1	2	1	1	2	1	0	0	0	0	5	5	5	5	0	0	2	2	60
2	3	0	0	0	3	1	1	1	2	2	3	3	3	4	2	2	2	3	0	0	2	2	57
3	2	0	0	2	3	2	0	1	0	2	0	0	0	0	5	5	5	5	0	0	0	3	12
3	3	0	0	0	3	2	0	1	2	2	4	4	4	1	4	1	2	4	0	0	1	1	90
2	2	2	0	1	2	1	1	1	2	0	4	4	1	1	1	3	2	4	0	0	0	2	180
0	2	1	0	1	3	1	1	1	2	0	5	4	4	5	4	3	2	2	0	0	3	1	30
1	3	1	0	1	3	1	0	1	1	2	4	4	2	3	0	0	0	4	0	0	4	4	160
1	3	2	0	1	1	2	1	1	2	1	4	4	1	3	3	4	4	4	0	0	4	4	129
2	3	0	0	1	2	2	0	1	1	1	0	0	3	0	5	5	0	5	0	0	2	3	255
4	2	0	0	2	3	2	1	1	2	0	0	0	0	0	5	5	5	5	0	0	3	2	55
4	3	3	0	1	3	1	0	0	1	2	0	0	2	0	5	5	3	5	0	0	2	2	40
2	3	0	0	2	3	2	1	1	2	1	0	3	2	1	4	4	4	2	0	0	2	1	60
4	3	1	0	1	3	2	1	1	2	1	0	0	0	0	5	5	5	5	0	0	1	0	165
2	2	0	0	2	2	1	0	0	1	0	4	3	2	3	3	3	3	4	0	0	1	3	15
4	2	0	0	2	1	1	1	1	2	0	0	0	0	0	5	5	5	5	0	0	1	1	75
3	2	2	0	1	1	1	1	1	2	0	1	0	0	0	5	5	5	5	0	0	4	3	35
0	1	0	0	1	3	1	0	1	2	1	5	5	5	5	2	1	2	3	0	0	1	0	110
4	2	1	0	0	3	2	1	1	2	0	0	0	0	0	5	5	5	5	0	0	4	0	109
3	3	1	0	1	1	1	1	1	2	1	3	4	2	2	0	1	1	4	0	0	4	4	125
3	3	1	0	1	1	1	0	1	1	2	3	4	2	2	0	1	1	4	0	0	1	2	30
3	3	2	0	1	2	2	1	1	2	2	2	1	1	1	4	4	3	4	0	0	1	3	65
3	1	3	0	1	3	1	1	1	2	2	4	4	2	2	0	1	1	4	0	0	4	4	65
3	2	1	0	1	1	1	1	1	2	0	0	0	0	0	5	5	5	5	0	0	4	2	47
2	3	3	0	1	3	0	0	0	2	2	3	3	1	2	4	3	3	3	0	0	3	1	30
0	3	2	0	1	2	1	0	1	2	1	5	5	4	5	2	1	2	3	0	0	2	2	30
4	2	1	0	1	2	2	1	1	2	0	1	0	0	0	4	5	5	5	0	0	2	2	65
1	3	0	0	1	1	1	1	1	2	1	0	0	0	0	5	5	5	4	0	0	4	4	135
2	3	1	0	0	2	2	0	1	1	2	4	4	4	3	2	2	2	3	0	0	2	1	47
3	2	3	0	1	3	2	1	1	2	0	1	0	0	1	0	0	2	3	0	0	3	0	35
0	1	0	0	1	2	0	1	0	2	0	5	5	5	5	0	1	1	0	0	0	0	1	260
1	3	0	0	1	2	1	0	1	2	2	4	4	3	2	4	4	3	4	0	0	2	3	58
4	3	2	0	1	2	1	0	1	1	2	0	0	0	0	5	5	5	5	0	0	0	0	10
4	2	0	0	2	3	2	1	1	2	0	1	0	0	0	5	5	5	5	0	0	2	3	60
4	3	2	0	1	2	2	1	1	2	2	0	0	0	0	5	5	5	5	0	0	4	3	120
2	2	3	0	1	3	2	1	1	2	0	0	3	1	0	4	5	4	5	0	0	2	1	65
0	3	1	0	0	2	1	0	1	1	2	1	0	0	1	4	3	5	1	0	0	2	3	40
4	3	1	0	0	3	2	0	1	1	2	0	0	0	0	5	5	5	5	0	0	1	1	60
4	3	3	0	1	3	1	0	1	1	2	0	0	0	0	5	5	5	5	0	0	1	3	55
4	3	3	0	1	3	1	1	1	2	1	0	0	0	0	5	5	5	5	0	0	3	1	20
1	3	0	0	2	3	2	1	1	1	1	1	1	1	1	4	5	5	5	0	0	2	1	30
2	3	0	0	1	3	2	1	1	2	1	5	4	4	4	2	0	0	3	0	0	0	4	210
3	2	3	0	1	3	1	1	1	2	0	3	1	1	2	4	3	3	4	0	0	2	3	60
2	3	2	0	1	1	2	0	1	2	2	3	2	2	1	4	3	3	3	0	0	0	1	82
0	1	0	0	1	2	1	0	1	2	0	5	5	4	5	2	2	3	0	0	0	3	1	50
0	3	2	0	1	3	1	0	1	1	2	4	4	4	5	1	1	1	0	0	0	2	3	30
0	3	2	0	1	3	2	1	1	2	2	1	0	0	1	4	3	5	1	0	0	2	3	30
2	3	3	0	1	2	0	0	0	1	2	3	3	2	2	4	3	3	4	0	0	1	2	35
4	3	3	0	1	1	1	1	1	2	1	0	0	0	0	5	5	5	5	0	0	2	3	31
3	1	0	0	1	0	1	1	1	2	0	0	0	0	0	5	5	5	5	0	0	1	3	75
0	1	0	0	0	3	1	1	1	2	0	4	4	4	3	3	3	3	0	0	0	3	1	15
3	2	0	0	1	1	1	1	1	2	0	0	0	0	0	5	5	5	5	0	0	1	3	85
3	3	0	0	1	3	2	1	1	2	2	0	0	0	0	5	5	5	5	0	0	0	0	190
4	2	1	0	1	0	1	1	1	2	0	0	0	0	0	5	5	5	5	0	0	0	2	102
0	2	0	0	1	2	1	1	1	2	0	5	5	4	5	0	0	0	0	0	0	1	4	130
3	3	0	0	2	3	1	1	1	2	1	2	2	1	2	2	2	2	3	0	0	4	4	120
3	3	0	0	1	3	1	1	1	2	1	1	0	0	0	5	5	5	5	0	0	3	3	60
2	3	0	0	0	3	2	1	1	2	2	1	2	0	1	3	0	0	4	0	0	2	2	60
1	2	0	0	2	1	2	1	1	2	0	3	3	2	2	4	3	5	4	0	0	4	1	65
4	2	2	0	1	1	1	1	1	2	0	0	0	0	0	5	5	5	5	0	0	2	3	30
4	2	0	0	2	2	1	0	1	1	0	1	0	0	0	5	5	5	5	0	0	1	1	60
0	3	0	0	0	1	1	1	1	2	2	5	5	4	5	2	1	2	0	0	0	2	3	110
4	3	3	0	1	3	1	0	1	1	2	0	0	0	0	5	5	5	5	0	0	1	3	54
4	3	0	0	1	3	1	0	1	1	2	0	0	0	0	5	5	5	5	0	0	3	1	60
1	2	0	0	2	1	2	1	1	2	0	5	5	4	2	4	3	3	4	0	0	1	1	280
1	3	3	0	2	3	1	1	1	2	2	5	5	5	5	2	0	2	3	0	0	1	4	240
3	1	0	0	1	2	1	0	1	2	0	1	1	1	1	1	1	5	2	0	0	4	4	198
4	3	2	0	1	3	2	0	1	1	2	0	0	0	0	5	5	5	5	0	0	2	3	55
1	1	0	0	2	2	0	0	0	2	2	4	4	3	3	4	4	4	4	0	0	1	2	165
4	2	2	0	1	1	1	1	1	2	0	1	0	0	0	5	5	5	5	0	0	2	2	58
0	3	1	0	1	3	1	0	1	1	2	2	2	2	2	4	4	4	5	0	0	1	3	50
4	3	0	0	2	2	2	0	1	1	1	0	1	0	0	5	5	5	5	0	0	0	2	241
4	3	3	0	1	1	1	1	1	2	1	0	0	0	0	5	5	4	5	0	0	1	0	60
2	3	0	0	0	3	1	0	1	2	2	3	4	3	3	4	4	3	2	0	0	1	3	30
0	3	2	0	1	3	2	1	1	2	1	2	4	4	4	3	4	4	4	0	0	0	3	140
3	2	0	0	1	3	2	1	1	0	2	2	1	0	1	2	2	2	3	0	0	1	1	65
3	3	1	0	0	1	2	1	1	2	1	0	0	0	0	5	5	5	5	0	0	1	3	51
4	2	0	0	1	2	1	1	1	2	0	0	0	0	0	5	5	5	5	0	0	4	2	106
3	2	0	0	2	1	1	1	1	2	0	1	0	0	0	0	5	5	5	0	0	2	3	60
4	3	2	0	1	2	1	1	1	2	1	0	0	0	0	5	5	5	5	0	0	3	4	25
3	3	0	0	1	3	2	0	1	1	2	1	0	0	1	4	3	3	4	0	0	3	4	80
0	3	0	0	2	2	1	1	0	1	2	5	5	4	5	2	1	0	0	0	0	0	2	190
2	2	3	0	1	2	1	1	1	2	0	5	4	4	4	3	3	3	0	0	0	1	1	140
4	3	0	0	1	1	1	0	1	1	2	0	0	0	0	5	5	5	5	0	0	0	3	26
4	2	0	0	1	2	2	1	1	2	0	0	0	0	0	5	5	5	5	0	0	0	0	30
4	3	0	0	1	3	1	0	1	1	2	0	0	0	0	5	5	5	5	0	0	1	2	30
1	3	1	0	1	3	2	1	1	2	1	4	4	4	4	3	3	3	4	0	0	2	3	150
2	3	2	0	1	2	2	1	1	2	1	0	0	0	0	5	5	5	5	0	0	1	1	60
4	2	0	0	2	2	2	1	1	2	0	1	0	0	0	5	5	5	5	0	0	2	3	55
2	3	0	0	1	3	2	1	1	2	1	3	3	3	4	2	2	2	3	0	0	2	3	85
4	1	0	0	1	0	1	1	1	1	0	0	0	0	0	5	5	5	5	0	0	1	1	250
3	3	0	0	2	3	1	0	1	1	2	4	4	2	2	2	2	2	1	0	0	1	2	105
4	2	0	0	1	2	1	1	1	2	0	0	0	0	0	5	5	5	5	0	0	2	0	20
2	1	0	0	1	0	1	0	1	2	0	1	0	0	2	4	5	3	4	0	0	3	1	38
2	1	0	0	1	3	1	1	1	2	0	3	3	2	2	4	3	3	3	0	0	3	1	60
1	3	1	0	1	2	1	1	1	1	1	3	4	1	1	4	4	4	5	0	0	2	2	12
0	3	0	0	1	3	1	0	1	2	2	4	4	4	5	0	0	0	0	0	0	2	3	100
0	3	0	0	0	3	1	0	1	2	2	5	5	5	5	2	1	0	0	0	0	1	0	140
2	3	0	0	0	3	1	1	1	2	1	4	4	4	2	4	4	0	4	0	0	3	2	30
3	3	0	0	0	2	2	1	1	2	2	1	0	0	1	0	5	5	4	0	0	2	1	31
3	3	0	0	0	2	2	0	1	2	2	1	0	0	1	0	5	5	4	0	0	2	3	31
3	3	2	0	1	3	1	1	1	2	1	3	1	0	2	0	0	5	1	0	0	1	1	75
3	3	2	0	1	2	1	1	1	2	1	0	0	0	0	5	5	5	5	0	0	3	2	45
3	3	3	0	1	1	2	0	1	1	2	1	0	0	0	0	5	5	0	0	0	0	0	10
2	2	1	0	1	1	1	1	1	2	0	1	1	2	1	4	5	3	3	0	0	2	2	20
1	1	0	0	0	3	1	1	1	2	1	5	4	4	4	4	3	2	1	0	0	2	2	150
3	2	2	0	1	3	2	1	1	2	0	1	2	1	1	4	4	3	4	0	0	3	2	53
3	3	0	0	1	3	1	1	1	2	1	3	3	1	1	1	1	1	2	0	0	2	1	70
4	3	0	0	0	3	2	1	1	2	2	0	0	0	0	5	5	5	5	0	0	4	1	50
3	1	0	0	1	2	1	0	1	2	2	0	0	0	0	5	5	5	5	0	0	1	1	20
1	1	0	0	1	1	0	0	1	2	0	5	4	4	4	0	1	1	1	0	0	2	1	25
3	2	1	0	0	1	1	0	0	1	0	0	0	0	0	5	5	5	5	0	0	1	2	25
3	3	0	0	2	3	2	0	1	1	2	0	2	2	1	5	5	5	5	0	0	2	2	60
2	4	0	0	4	0	1	1	1	0	0	2	1	0	1	0	0	2	4	0	0	1	3	91
4	2	2	1	1	1	2	0	1	0	2	1	0	0	0	5	4	5	5	0	0	1	2	50
4	1	0	1	1	3	1	1	1	2	2	0	0	0	0	5	5	5	5	0	0	4	4	90
1	3	0	1	0	3	1	1	1	2	2	5	5	4	5	0	1	2	3	0	0	2	1	30
1	3	0	1	1	3	1	0	1	2	2	5	4	4	4	3	3	3	1	0	0	3	1	35
3	3	0	1	0	2	1	1	1	2	1	2	1	1	1	3	2	2	4	0	0	1	0	190
3	2	0	1	2	1	1	1	1	2	0	4	4	4	3	0	0	0	4	0	0	2	2	50
4	3	1	1	1	1	2	1	1	2	1	0	0	0	0	5	5	5	5	0	0	1	4	30
3	2	0	1	2	3	2	1	1	2	0	4	4	2	2	0	1	1	4	0	0	2	2	50
1	2	1	1	1	3	2	1	1	2	0	5	4	4	4	3	3	0	4	0	0	2	0	195
0	1	0	1	0	2	1	1	1	2	0	0	0	2	0	5	4	2	3	0	0	2	1	22
2	2	0	1	2	3	1	1	1	2	0	1	4	3	2	3	5	3	0	0	0	1	0	30
2	3	0	1	0	1	2	1	1	2	2	3	4	4	2	3	2	0	2	0	0	2	2	60
2	1	0	1	0	1	1	1	1	2	1	3	1	1	3	4	3	3	0	0	0	2	2	60
3	2	0	1	2	3	1	1	1	2	0	1	0	0	1	5	0	5	2	0	0	2	3	30
0	2	0	1	1	1	2	1	1	2	0	4	4	4	5	0	3	3	0	0	0	2	4	65
3	3	1	1	1	1	2	1	1	2	1	1	0	0	0	5	5	5	5	0	0	2	0	22
4	3	0	1	2	2	1	1	1	2	2	0	0	0	0	5	5	5	5	0	0	0	4	150
4	3	0	1	1	2	1	0	1	2	2	0	0	0	0	5	5	5	5	0	0	4	4	175
0	3	3	1	1	1	1	0	1	2	2	5	4	4	4	0	0	2	0	0	0	2	2	28
0	3	3	1	1	1	1	1	1	2	2	5	4	4	4	0	0	2	0	0	0	2	2	28
4	3	0	1	1	3	2	0	1	2	2	0	0	0	0	5	5	5	5	0	0	1	1	100
1	4	0	1	3	1	1	1	1	0	0	5	4	4	2	0	0	2	4	0	0	1	1	65
0	3	1	1	1	3	1	1	1	2	1	5	5	5	5	0	0	0	0	0	0	3	1	90
2	3	2	1	1	3	1	0	1	1	2	1	4	4	2	5	0	0	4	0	0	1	2	90
1	3	2	1	1	2	1	1	1	2	1	4	1	4	5	3	3	3	0	0	0	1	1	155
2	1	2	1	1	3	2	0	1	2	1	3	2	0	2	4	4	4	4	0	0	3	2	25
4	3	0	1	0	1	2	1	1	2	2	0	0	0	0	5	5	5	5	0	0	3	1	40
4	2	1	1	0	3	1	1	1	2	0	0	0	0	0	5	5	5	5	0	0	3	2	55
2	3	0	1	1	3	2	0	1	1	2	1	0	0	1	1	1	5	2	0	0	1	3	45
4	2	2	1	1	3	2	1	1	2	0	0	0	0	0	5	5	5	5	0	0	4	4	170
2	2	0	1	1	3	2	1	1	2	0	4	4	4	3	4	3	3	0	0	0	2	1	85
3	3	1	1	0	1	1	0	1	1	2	1	0	0	1	3	5	5	4	0	0	3	3	45
1	3	2	1	1	2	1	1	1	2	1	3	4	4	3	0	4	2	4	0	0	1	1	85
2	3	3	1	1	3	2	1	1	2	1	0	0	0	0	5	5	5	5	0	0	4	2	37
3	2	3	1	1	3	2	1	1	2	0	1	0	0	1	0	0	5	0	0	0	2	3	65
3	2	0	1	1	1	1	1	1	2	0	1	3	3	0	0	0	0	4	0	0	2	2	40
1	3	3	1	1	3	2	0	1	2	2	0	0	0	0	5	5	5	5	0	0	1	2	50
3	2	0	1	0	2	2	1	1	2	0	1	1	1	0	4	5	5	5	0	0	3	4	95
0	3	0	1	1	3	1	0	1	2	1	5	5	4	5	2	1	2	3	0	0	4	1	30
1	1	0	1	2	2	1	1	1	2	0	2	5	4	2	4	4	4	4	0	0	2	2	30
4	2	0	1	0	3	1	1	1	2	0	0	0	0	0	5	5	5	5	0	0	2	2	55
3	3	1	1	0	2	1	0	1	2	2	1	0	0	0	5	5	5	5	0	0	2	2	53
1	3	3	1	1	3	2	1	1	2	2	2	2	1	2	2	2	4	3	0	0	1	2	20
0	2	0	1	0	1	1	0	1	2	0	5	5	5	5	0	0	0	0	0	0	1	4	19
4	3	3	1	1	3	2	0	1	1	2	0	0	0	0	5	5	5	5	0	0	4	4	184
4	3	0	1	2	1	1	0	1	2	2	0	0	0	0	5	5	5	5	0	0	1	1	30
2	1	0	1	1	3	1	1	1	2	0	5	5	4	5	1	1	0	2	0	0	1	3	150
3	3	1	1	1	2	1	1	1	2	1	3	1	0	1	3	3	4	4	0	0	4	3	45
2	3	0	1	0	1	2	0	1	1	2	3	2	1	2	0	0	2	4	0	0	1	1	60
4	3	2	1	1	3	1	1	1	2	1	0	0	0	0	5	5	5	5	0	0	4	3	28
4	2	0	1	2	0	1	1	1	1	0	0	0	0	0	5	5	5	5	0	0	1	4	125
0	3	0	1	0	3	2	1	1	2	2	5	5	4	5	3	3	0	4	0	0	2	1	60
4	2	3	1	1	2	1	1	1	2	0	1	0	0	0	5	5	5	5	0	0	2	2	45
3	3	1	1	1	2	1	1	1	2	1	1	0	1	1	5	2	0	3	0	0	2	2	30
2	2	2	1	1	1	1	1	1	2	0	3	3	4	3	3	3	2	4	0	0	2	3	30
3	3	3	1	1	3	1	0	1	1	2	1	0	0	0	5	5	5	5	0	0	2	1	85
4	2	0	1	2	3	2	1	1	2	0	2	4	3	3	4	3	4	4	0	0	1	4	265
3	3	0	1	0	2	1	0	0	2	2	1	0	0	0	0	5	5	0	0	0	3	1	62
4	3	0	1	2	3	2	1	1	2	1	1	0	0	1	0	5	5	4	0	0	1	3	50
1	3	3	1	1	3	1	0	1	1	2	5	4	4	5	1	1	1	2	0	0	0	0	275
1	2	0	1	1	3	1	1	1	2	0	1	4	4	2	4	5	4	4	0	0	2	1	30
0	1	0	1	2	3	2	1	1	2	0	5	5	4	5	1	1	1	0	0	0	1	1	195
2	3	0	1	0	2	1	1	1	2	2	4	3	2	2	4	3	2	4	0	0	2	1	60
4	3	1	1	1	3	2	1	1	2	1	1	2	1	2	3	4	4	4	0	0	1	1	80
4	3	0	1	0	3	2	1	1	2	1	0	0	0	0	5	5	5	5	0	0	4	2	60
2	1	0	1	1	1	1	0	1	1	0	1	4	3	1	2	5	2	3	0	0	2	3	49
4	3	0	1	2	3	2	1	1	2	2	0	0	0	0	5	5	5	5	0	0	1	1	71
1	3	0	1	0	3	2	0	1	1	2	5	5	4	4	4	3	3	4	0	0	2	0	15
4	1	0	1	2	2	1	0	1	1	0	0	0	0	0	5	5	5	5	0	0	1	1	75
1	1	0	1	2	0	1	0	1	2	0	5	5	4	5	0	0	0	2	0	0	4	4	15
4	1	0	1	1	0	1	1	1	2	0	1	0	0	1	4	5	5	5	0	0	1	4	65
1	2	0	1	0	1	1	1	1	2	0	3	4	4	3	2	3	2	0	0	0	2	1	65
1	2	0	1	4	3	2	1	1	1	0	5	5	4	5	1	0	0	1	0	0	1	3	46
3	3	0	1	1	3	1	0	1	2	2	3	3	0	2	2	2	3	3	0	0	2	2	62
1	3	0	1	1	3	2	1	1	2	2	5	4	4	4	2	2	2	0	0	0	1	4	255
2	1	0	1	1	3	1	0	1	1	2	3	2	0	2	3	2	2	4	0	0	2	1	60
1	2	0	1	2	3	1	1	1	2	0	5	4	3	4	3	4	4	3	0	0	4	4	110
3	1	0	1	1	3	1	1	1	2	2	3	1	0	1	0	0	2	0	0	0	1	1	205
4	2	2	1	0	0	1	0	1	0	2	0	0	0	0	5	5	5	5	0	0	1	3	55
2	2	1	1	1	0	2	1	1	2	0	3	3	2	2	4	3	3	4	0	0	1	1	175
4	3	0	1	1	3	1	1	1	2	1	0	0	0	0	5	5	5	5	0	0	1	1	285
2	3	1	1	0	1	2	0	1	1	2	2	4	2	2	4	5	5	4	0	0	1	1	25
3	2	3	1	1	1	2	1	1	2	0	5	4	2	2	4	3	3	4	0	0	2	1	52
2	3	3	1	1	3	1	0	1	2	2	3	4	1	1	4	4	3	4	0	0	2	4	225
1	3	0	1	1	1	2	1	1	2	2	5	4	3	3	0	1	3	0	0	0	2	2	55
0	1	0	1	0	0	1	1	1	2	1	5	5	5	5	0	1	1	0	0	0	1	1	25
0	1	0	1	1	1	1	0	1	2	2	5	5	5	5	0	0	0	0	0	0	4	1	15
3	3	0	1	1	2	1	1	1	2	1	1	0	0	1	5	5	5	1	0	0	4	2	120
0	2	0	1	2	2	2	0	1	2	0	0	0	2	0	5	4	2	3	0	0	3	1	165
3	3	0	1	1	2	2	0	1	2	2	0	0	0	0	5	5	5	5	0	0	2	3	50
0	1	0	1	1	3	1	1	1	2	0	5	5	5	5	0	0	0	0	0	0	2	3	30
4	1	0	1	1	3	1	1	1	2	0	0	4	0	0	5	5	5	5	0	0	4	4	120
3	3	0	1	2	1	2	1	1	2	1	0	0	0	0	5	5	5	5	0	0	3	3	30
2	3	0	1	0	2	2	1	1	2	1	3	2	0	2	3	2	2	4	0	0	2	2	65
3	3	0	1	2	3	2	0	1	2	2	3	3	4	2	2	2	4	4	0	0	1	3	60
3	3	0	1	1	3	2	1	1	2	2	3	3	4	2	2	2	4	4	0	0	1	0	85
1	2	0	1	2	2	1	1	1	2	0	1	1	1	1	4	4	4	5	0	0	2	3	38
0	3	3	1	1	3	1	1	1	2	1	5	5	5	5	0	0	0	0	0	0	0	1	240
0	3	3	1	1	3	1	0	0	1	2	5	5	5	5	0	0	0	0	0	0	1	1	115
4	1	0	1	0	3	1	1	1	2	2	0	0	0	0	5	5	5	5	0	0	3	4	30
1	3	0	1	0	2	2	1	1	2	2	0	4	4	1	4	3	3	4	0	0	3	2	45
3	3	2	1	1	2	1	0	1	1	2	3	1	3	1	2	1	2	4	0	0	2	1	50
0	1	0	1	0	2	0	0	1	2	1	5	5	5	5	0	2	0	1	0	0	1	2	180
0	1	0	1	1	1	0	0	0	2	2	5	5	5	5	1	0	0	0	0	0	2	0	58
1	3	3	1	1	3	1	0	1	2	2	3	4	3	4	3	3	2	4	0	0	1	1	168
0	3	0	1	2	3	2	0	1	2	2	5	5	5	5	1	1	1	0	0	0	1	2	145
4	2	0	1	2	3	2	1	1	2	0	0	0	1	0	5	5	4	5	0	0	1	2	70
4	3	3	1	1	3	1	1	1	2	2	0	0	0	0	5	5	5	5	0	0	3	1	40
2	0	1	1	0	0	0	0	0	0	0	0	0	0	0	5	5	5	5	0	0	1	1	30
3	1	0	1	0	1	1	1	1	2	0	2	1	0	1	0	0	2	3	0	0	2	2	50
2	3	2	1	1	2	1	1	1	2	1	5	4	4	5	3	2	2	0	0	0	1	2	30
2	3	0	1	1	3	0	0	1	2	2	5	4	4	4	0	0	0	0	0	0	2	2	55
1	1	0	1	1	2	1	0	1	1	1	4	4	4	2	4	3	0	4	0	0	1	3	125
2	3	1	1	1	3	2	1	1	2	2	2	1	0	1	0	0	5	0	0	0	0	4	99
1	1	0	1	2	1	1	0	1	1	2	3	4	2	2	3	3	3	4	0	0	1	3	55
4	3	0	1	2	3	2	1	1	2	1	1	1	0	0	5	5	4	5	0	0	2	3	120
4	3	0	1	1	3	2	0	1	1	2	1	1	0	0	5	5	4	5	0	0	1	1	45
0	3	0	1	0	3	2	0	1	2	2	5	5	5	5	1	1	0	2	0	0	3	3	30
0	3	0	1	1	2	1	1	1	2	1	3	4	4	5	1	4	3	0	0	0	1	4	130
1	3	2	1	1	3	2	1	1	2	1	5	4	4	5	4	3	3	1	0	0	1	3	145
4	2	0	1	2	3	1	1	1	2	0	1	0	0	0	5	5	5	5	0	0	2	2	55
1	2	1	1	1	1	2	1	1	2	0	3	3	3	3	0	0	0	1	0	0	2	1	35
1	3	0	1	2	3	1	1	1	2	1	1	1	0	1	1	5	5	1	0	0	2	1	45
2	2	2	1	1	3	2	1	1	2	0	5	4	4	4	2	0	0	4	0	0	0	0	75
0	3	0	1	0	3	0	1	0	2	2	5	5	5	5	1	1	1	1	0	0	4	0	60
4	1	0	1	1	0	1	1	1	2	0	0	0	0	0	5	5	5	5	0	0	2	3	30
1	3	0	1	0	2	1	0	1	1	2	3	4	4	3	1	3	0	2	0	0	1	1	75
1	2	2	1	1	1	2	1	1	2	0	1	2	1	2	4	3	5	0	0	0	2	1	65
2	2	3	1	1	3	2	1	1	2	0	4	3	2	2	4	3	2	4	0	0	1	1	300
4	3	1	1	0	1	1	0	1	1	2	0	0	0	0	5	5	5	5	0	0	2	3	45
4	2	0	1	2	1	1	1	1	2	0	1	0	0	0	5	5	5	5	0	0	3	2	40
3	3	0	1	1	3	2	0	1	1	2	0	0	0	0	5	5	5	5	0	0	1	1	115
4	3	0	1	0	2	2	0	1	1	2	0	0	0	0	5	5	5	5	0	0	1	2	50
1	1	0	1	0	3	1	1	1	2	1	0	0	0	0	5	5	5	5	0	0	2	2	63
2	3	0	1	1	2	2	0	1	1	2	3	1	0	2	0	0	0	0	0	0	4	1	51
3	0	0	1	0	0	1	0	1	0	1	1	1	0	0	0	0	5	3	0	0	1	1	60
4	4	0	1	4	1	2	1	1	0	0	3	0	0	0	0	0	5	5	0	0	1	1	135
1	2	3	1	1	3	2	1	1	2	0	3	4	4	3	2	3	2	2	0	0	1	3	77
4	2	3	1	1	3	1	0	1	0	2	0	0	0	0	5	5	5	5	0	0	1	3	90
3	0	0	1	2	0	0	0	1	0	1	0	0	0	0	5	5	0	5	0	0	0	4	30
2	2	1	1	1	2	0	1	1	2	0	5	4	4	4	1	1	1	2	0	0	2	2	25
1	3	2	1	1	3	2	0	1	1	2	5	4	4	3	4	4	3	1	0	0	1	0	60
3	3	1	1	1	3	2	1	1	2	1	0	0	0	0	5	5	5	5	0	0	3	1	105
4	3	1	1	1	1	1	1	1	2	1	0	0	0	0	5	5	5	5	0	0	2	3	30
1	3	1	1	1	1	1	0	1	1	2	3	4	2	3	4	3	3	4	0	0	1	3	75
4	0	0	1	1	0	0	1	0	0	2	0	0	0	0	5	5	5	5	0	0	2	3	75
3	3	3	1	1	3	2	1	1	2	1	1	1	0	1	5	0	0	2	0	0	2	0	52
2	3	0	1	1	3	0	0	0	2	2	4	4	4	3	4	3	3	0	0	0	2	2	30
2	1	3	1	1	3	1	1	1	2	0	1	0	0	1	0	2	5	1	0	0	2	3	30
1	3	0	1	1	3	1	0	1	1	2	5	4	4	4	3	3	2	0	0	0	2	1	25
2	3	0	1	1	1	2	1	1	2	1	3	4	1	2	2	1	2	3	0	0	0	0	30
3	4	0	1	3	3	2	1	1	0	0	0	0	0	0	5	5	5	5	0	0	4	2	35
0	2	0	1	2	2	2	1	1	2	0	1	1	0	2	3	4	5	0	0	0	1	2	145
4	2	1	1	0	0	1	0	1	0	2	0	0	0	0	5	5	5	5	0	0	1	4	10
4	3	1	1	1	2	1	0	1	1	2	1	0	0	0	2	5	5	5	0	0	2	3	30
4	3	0	1	1	3	1	1	1	2	2	0	0	0	0	5	5	5	5	0	0	2	2	63
3	2	1	1	1	3	2	1	1	2	0	0	0	0	0	5	5	5	5	0	0	1	3	40
4	3	2	1	1	2	2	0	1	1	2	0	0	0	0	5	5	5	5	0	0	1	0	15
2	1	0	1	1	2	1	1	1	2	2	3	2	1	3	2	2	2	2	0	0	2	4	15
4	2	2	1	1	0	1	1	1	2	0	0	0	0	0	5	5	5	5	0	0	2	1	50
0	3	1	1	0	2	1	1	1	2	2	4	4	4	3	2	2	2	3	0	0	0	3	210
1	3	0	1	1	1	1	1	0	2	2	5	5	4	3	0	0	0	0	0	0	1	3	17
1	2	0	1	1	2	1	1	1	2	0	5	4	4	5	2	1	0	0	0	0	1	0	15
2	2	0	1	2	3	1	1	1	2	0	3	1	1	2	1	2	2	2	0	0	1	1	49
2	3	1	1	0	1	2	0	1	1	2	1	2	0	1	2	2	3	3	0	0	2	2	48
1	3	0	1	1	3	2	1	1	2	1	3	4	2	2	4	3	2	4	0	0	3	1	75
2	3	2	1	1	2	1	0	1	1	2	1	4	1	2	4	4	4	4	0	0	0	2	15
4	1	0	1	1	2	1	0	1	2	0	0	0	0	0	5	5	5	5	0	0	3	2	20
4	3	3	1	1	3	2	0	1	1	2	2	1	0	0	4	3	5	5	0	0	0	4	185
3	2	0	1	1	3	2	1	1	2	0	1	1	0	1	4	4	4	4	0	0	3	2	55
2	3	0	1	2	3	2	1	1	2	2	3	4	1	2	0	0	2	3	0	0	4	1	55
3	3	2	1	1	2	2	0	1	1	2	1	1	0	0	4	4	3	4	0	0	2	1	45
4	3	3	1	1	2	1	0	1	1	2	0	0	0	0	5	5	5	5	0	0	2	2	55
1	3	0	1	2	2	1	1	1	2	1	4	4	4	5	0	3	3	4	0	0	1	2	60
1	3	0	1	2	2	1	0	1	1	2	4	4	4	5	0	3	3	4	0	0	1	3	60
3	3	3	1	1	3	1	0	1	1	2	2	0	1	2	0	4	3	4	0	0	1	1	15
2	3	1	1	1	2	1	1	1	2	1	2	1	0	1	4	4	5	3	0	0	1	3	42
4	3	1	1	1	3	2	0	1	1	2	0	0	0	0	5	5	5	5	0	0	2	4	29
3	3	0	1	2	1	1	1	1	2	1	0	0	0	0	5	5	5	5	0	0	4	2	70
2	1	3	1	1	2	1	0	1	2	1	1	4	3	2	3	5	3	0	0	0	3	3	30
2	3	1	1	1	1	1	1	1	2	1	3	2	2	2	0	0	0	4	0	0	2	2	35
2	2	1	1	1	3	1	1	1	2	0	4	4	1	1	1	4	4	3	0	0	2	4	47
1	2	2	1	1	3	2	1	1	2	0	1	4	3	2	4	4	4	4	0	0	1	0	120
3	2	0	1	1	2	2	1	1	2	0	2	4	3	1	0	0	4	0	0	0	2	2	35
2	3	3	1	1	3	1	1	1	2	1	5	4	3	3	2	2	2	0	0	0	2	1	48
3	2	3	1	2	3	2	1	1	2	0	1	0	0	0	2	2	2	3	0	0	2	3	47
3	3	2	1	1	2	2	0	1	1	2	1	0	0	0	5	5	5	5	0	0	0	1	60
3	1	0	1	1	3	1	0	1	2	1	1	0	0	0	5	5	5	5	0	0	2	3	76
3	4	0	1	1	3	1	1	1	0	0	1	0	0	0	5	5	5	5	0	0	2	4	70
1	1	0	1	1	3	2	0	1	2	1	2	1	2	3	4	3	3	3	0	0	1	2	30
4	3	1	1	1	2	2	0	1	1	2	0	0	0	0	5	5	5	5	0	0	2	2	80
3	2	1	1	1	1	1	1	1	2	0	1	0	0	1	5	1	5	2	0	0	0	1	280
4	3	0	1	0	2	2	1	1	2	2	0	0	0	0	5	5	5	5	0	0	1	1	45
2	3	1	1	1	3	2	0	1	1	2	3	3	3	4	2	2	2	3	0	0	2	1	28
3	4	0	1	3	2	1	1	1	0	0	0	1	0	0	5	5	5	5	0	0	0	3	160
1	3	0	1	0	2	2	0	1	2	2	0	1	2	0	5	4	4	5	0	0	0	1	85
4	3	0	1	0	2	2	0	1	2	2	0	0	0	0	5	5	5	5	0	0	1	1	160
1	3	0	1	0	1	1	0	1	1	2	4	3	1	2	0	0	1	2	0	0	4	1	240
3	3	0	1	1	3	2	0	1	2	2	1	0	0	0	5	5	5	5	0	0	2	3	55
2	2	1	1	1	3	2	1	1	2	0	3	5	4	4	0	0	2	2	0	0	3	2	45
1	1	0	1	0	1	1	1	1	2	0	4	4	2	3	1	1	0	1	0	0	2	2	47
1	3	3	1	2	3	2	1	1	2	1	5	5	4	5	1	0	0	2	0	0	4	2	38
2	2	0	1	2	3	2	1	1	2	0	4	4	4	3	0	2	2	3	0	0	1	4	80
3	3	2	1	1	2	1	0	1	1	2	1	3	3	0	0	0	0	4	0	0	3	1	31
4	1	0	1	2	3	1	0	1	1	0	0	0	0	0	5	5	5	5	0	0	1	1	30
2	3	0	1	0	3	1	0	1	2	2	2	1	0	0	4	4	5	5	0	0	2	2	55
1	3	0	1	0	2	1	1	1	2	1	2	4	4	2	0	4	3	0	0	0	1	3	90
4	3	1	1	1	1	2	1	1	2	1	0	0	0	0	5	5	5	5	0	0	4	3	30
2	2	2	1	1	2	2	1	1	2	0	4	4	2	4	4	3	3	1	0	0	2	2	65
1	1	0	1	2	1	0	0	0	1	1	3	2	1	3	0	0	3	1	0	0	1	2	47
1	2	0	1	1	2	1	0	0	0	2	4	4	4	3	1	3	1	0	0	0	1	4	60
0	3	1	1	0	3	2	0	1	2	2	5	4	4	5	3	3	0	0	0	0	1	3	100
2	3	0	1	2	2	2	1	1	2	1	2	3	2	2	1	1	2	2	0	0	2	2	50
2	2	0	1	1	3	1	1	1	2	0	2	4	4	4	3	4	4	3	0	0	4	3	147
4	3	3	1	1	3	1	1	1	2	2	0	0	0	0	5	5	5	5	0	0	4	4	150
4	3	1	1	0	2	2	1	1	2	1	0	0	0	0	5	5	5	5	0	0	2	2	55
2	1	0	1	0	3	1	0	1	2	2	3	1	0	1	2	2	5	4	0	0	1	1	40
2	2	1	1	0	3	2	0	0	0	2	2	1	2	3	4	4	3	4	0	0	0	3	274
4	3	3	1	1	2	2	0	1	1	2	0	0	0	0	5	5	5	5	0	0	3	1	32
4	3	2	1	1	3	1	1	1	2	1	0	0	0	0	5	5	5	5	0	0	4	2	39
1	2	3	1	1	2	1	1	1	2	0	2	4	3	2	4	4	3	4	0	0	2	2	60
1	2	1	1	1	0	1	1	1	2	0	5	4	4	5	2	1	0	0	0	0	1	1	60
3	3	1	1	1	1	2	1	1	2	1	1	0	0	1	0	0	5	0	0	0	2	0	61
4	1	0	1	3	3	1	1	1	2	0	0	0	0	0	5	5	5	5	0	0	2	2	71
3	2	0	1	1	3	1	1	1	2	0	1	0	0	1	5	5	5	1	0	0	2	1	35
4	0	0	1	2	0	1	0	1	0	0	0	0	0	0	5	5	5	5	0	0	0	2	15
4	3	2	1	1	2	1	0	1	1	1	0	0	0	0	5	5	5	5	0	0	1	3	50
2	3	1	1	0	3	2	0	1	1	2	4	4	4	3	4	3	3	0	0	0	1	3	75
3	3	1	1	1	3	2	0	1	1	2	1	0	0	0	5	5	5	5	0	0	2	1	36
4	2	3	1	1	3	2	1	1	2	0	0	0	0	0	5	5	5	5	0	0	4	4	115
3	3	0	1	0	2	2	0	1	2	2	1	0	0	1	0	0	0	4	0	0	2	2	23
1	1	0	1	1	3	1	1	1	2	0	1	4	4	2	4	1	2	3	0	0	2	2	56
2	3	0	1	1	3	2	0	1	2	2	1	4	4	2	5	0	0	4	0	0	3	0	15
2	2	0	1	2	1	1	0	1	1	0	3	4	4	4	4	3	3	4	0	0	1	2	38
0	3	0	1	1	3	2	1	1	2	2	3	5	5	5	1	1	1	1	0	0	3	2	65
4	3	0	1	0	2	2	0	1	2	2	1	1	0	0	0	0	5	5	0	0	1	3	90
3	2	1	1	0	3	1	1	1	2	0	1	0	0	0	5	5	5	5	0	0	1	4	105
3	3	0	1	2	3	1	1	1	2	1	1	0	0	0	5	5	5	5	0	0	3	1	49
4	2	2	1	1	1	1	1	1	2	0	0	0	0	0	5	5	5	5	0	0	2	2	30
2	3	0	1	2	3	1	0	1	1	2	4	1	4	2	4	3	3	0	0	0	4	3	265
3	3	0	1	1	2	1	1	1	2	1	1	3	2	1	4	4	4	5	0	0	2	2	70
1	3	1	1	1	3	1	1	1	2	1	5	4	2	4	2	2	2	0	0	0	1	3	52
3	3	0	1	1	3	2	0	1	1	2	0	4	0	0	4	4	5	5	0	0	1	2	105
4	3	1	1	1	3	2	1	1	2	1	0	0	0	0	5	5	5	5	0	0	0	3	100
4	3	0	1	2	0	1	1	1	2	1	0	0	0	0	5	5	5	5	0	0	2	3	50
4	2	0	1	2	3	1	0	1	0	2	0	0	0	0	5	5	5	5	0	0	0	4	64
4	3	0	1	0	1	2	1	1	2	2	0	0	0	0	5	5	5	5	0	0	2	0	90
4	2	0	1	1	2	1	1	1	2	0	0	0	0	0	5	5	5	5	0	0	2	1	30
3	3	0	1	0	3	2	0	1	2	2	0	0	0	0	5	5	5	5	0	0	2	2	65
2	2	0	1	2	1	1	0	1	0	1	3	1	1	2	2	2	2	4	0	0	1	1	60
4	3	0	1	1	3	2	1	1	2	2	0	0	0	0	5	5	5	5	0	0	1	0	120
3	1	0	1	0	1	1	0	1	2	1	1	3	2	1	4	4	4	5	0	0	1	3	111
4	3	0	1	1	1	1	1	1	2	1	1	0	0	1	4	5	5	5	0	0	4	2	40
4	3	0	1	1	1	1	0	1	1	2	1	0	0	1	4	5	5	5	0	0	2	0	20
1	2	0	1	1	1	1	0	1	1	0	5	4	3	3	0	1	3	0	0	0	1	3	45
0	1	0	1	1	3	1	0	1	2	1	5	4	4	5	1	0	0	0	0	0	0	3	15
1	3	0	1	0	1	1	0	1	2	2	4	3	1	2	0	0	1	2	0	0	0	3	150
4	3	1	1	0	2	1	1	1	2	1	0	0	0	0	5	5	5	5	0	0	3	1	43
4	3	1	1	1	2	2	0	1	1	2	0	0	0	0	5	5	5	5	0	0	1	1	55
4	3	1	1	0	2	2	1	1	2	1	0	0	0	0	5	5	5	5	0	0	3	3	20
2	2	2	1	1	1	1	1	1	2	0	1	2	0	1	2	2	3	3	0	0	1	3	65
3	3	0	1	1	2	1	1	1	2	1	1	0	0	1	5	1	5	2	0	0	0	3	185
2	2	1	1	1	1	1	1	1	2	0	0	0	3	0	5	5	0	5	0	0	3	2	50
0	1	0	1	1	3	0	0	0	2	0	5	5	5	5	1	0	0	0	0	0	2	1	30
2	3	3	1	1	2	1	1	1	2	1	3	4	3	3	3	3	2	2	0	0	1	2	80
4	3	0	1	1	3	2	0	1	2	2	0	0	0	0	5	5	5	5	0	0	1	2	145
1	3	3	1	1	3	2	1	1	2	2	2	4	2	4	3	3	3	4	0	0	2	2	260
2	3	0	1	0	1	1	0	1	1	1	1	3	2	2	1	0	2	1	0	0	2	0	55
2	2	0	1	2	2	1	1	1	2	0	0	0	0	0	5	5	5	5	0	0	2	1	31
3	2	0	1	2	2	1	1	1	2	0	1	0	0	1	5	5	5	1	0	0	4	2	55
0	2	1	2	1	3	1	1	1	2	0	5	5	5	5	0	0	1	0	0	0	3	0	15
4	3	3	2	1	0	0	0	0	1	2	0	0	0	0	5	5	5	5	0	0	1	3	75
2	3	0	2	1	2	1	1	1	2	1	0	3	4	1	4	4	2	4	0	0	2	3	40
3	3	0	2	1	3	2	0	1	2	2	1	0	1	1	4	5	5	4	0	0	1	2	90
3	3	0	2	1	3	2	1	1	2	2	1	0	1	1	4	5	5	4	0	0	1	1	90
2	3	0	2	2	3	2	1	1	2	2	1	4	3	2	4	3	3	4	0	0	4	4	153
2	3	0	2	1	3	2	0	1	2	2	1	4	3	2	4	3	3	4	0	0	2	3	30
3	3	1	2	1	2	2	1	1	2	1	0	0	0	0	5	5	0	5	0	0	2	3	43
2	1	0	2	0	2	1	0	1	2	2	3	4	2	3	4	1	3	3	0	0	1	1	205
3	2	3	2	1	1	1	1	1	1	0	0	0	1	0	5	5	0	5	0	0	1	1	50
1	3	0	2	1	2	0	1	1	2	1	5	4	4	4	0	0	0	0	0	0	2	2	35
3	2	0	2	2	3	1	1	1	2	0	3	1	0	2	0	4	3	0	0	0	1	0	186
3	3	2	2	1	2	2	0	1	2	1	0	0	0	0	5	5	5	5	0	0	0	1	45
4	3	2	2	1	3	1	1	1	2	1	0	0	0	0	5	5	5	5	0	0	1	2	50
3	3	1	2	1	3	1	1	1	2	2	3	4	1	1	0	0	4	0	0	0	2	1	52
4	2	0	2	2	2	2	0	1	2	0	0	0	0	0	5	5	5	5	0	0	2	4	30
2	1	0	2	1	3	2	1	1	2	0	4	1	4	2	2	2	2	3	0	0	1	4	155
3	3	0	2	2	1	1	1	1	2	1	1	0	0	1	4	0	3	4	0	0	1	2	65
0	3	1	2	1	3	2	1	1	2	1	5	5	5	5	0	0	0	1	0	0	1	1	105
2	2	0	2	0	2	1	1	1	2	0	3	3	4	3	3	3	2	4	0	0	1	1	60
2	2	2	2	1	3	1	1	1	2	0	3	2	1	3	4	3	3	4	0	0	1	2	170
1	2	3	2	1	3	1	1	1	2	0	5	4	4	5	1	2	3	1	0	0	2	1	57
4	3	0	2	0	3	2	0	1	2	2	0	0	0	0	5	5	5	5	0	0	4	1	21
2	3	1	2	1	3	1	1	1	2	1	2	2	0	2	1	0	4	4	0	0	1	0	225
0	3	3	2	1	3	1	0	0	2	2	5	4	4	5	2	3	2	0	0	0	4	3	155
1	3	0	2	2	3	1	1	1	2	1	0	5	4	0	4	4	3	5	0	0	1	1	75
3	3	0	2	2	3	2	0	1	2	2	1	0	0	0	0	5	5	0	0	0	1	2	50
3	3	0	2	0	2	2	1	1	2	1	1	0	0	1	4	3	5	4	0	0	1	3	235
3	3	2	2	1	1	1	1	1	2	2	0	0	0	0	5	5	5	5	0	0	4	2	40
4	3	1	2	0	3	2	1	1	2	1	0	0	0	0	5	5	5	5	0	0	1	1	295
2	3	0	2	2	2	1	1	1	2	1	1	3	2	1	2	2	4	3	0	0	2	1	25
4	3	0	2	1	3	2	1	1	2	1	0	0	0	0	5	5	5	5	0	0	2	3	45
1	1	0	2	1	2	0	0	0	2	1	1	2	1	2	4	3	5	0	0	0	2	2	38
1	3	0	2	1	3	2	1	1	2	1	5	4	4	2	2	2	2	3	0	0	2	3	45
4	2	3	2	1	2	1	0	1	2	0	0	0	0	0	5	5	4	5	0	0	2	2	30
1	3	1	2	1	3	2	1	1	2	1	3	1	2	3	4	4	3	4	0	0	1	4	130
1	2	1	2	1	3	2	1	1	2	0	4	4	4	5	1	3	1	0	0	0	2	2	50
4	3	1	2	1	3	2	1	1	2	1	0	0	0	0	5	5	5	5	0	0	4	1	40
3	3	3	2	1	2	1	1	1	2	1	1	0	0	0	5	5	5	5	0	0	2	4	43
3	2	0	2	2	1	1	1	1	2	0	1	1	0	1	5	5	5	4	0	0	3	2	35
1	2	0	2	2	3	1	1	1	2	0	5	4	4	4	4	3	3	0	0	0	2	2	56
4	2	2	2	1	2	1	1	1	2	0	0	0	0	0	5	5	5	5	0	0	3	3	40
2	3	1	2	0	3	2	1	1	2	2	1	1	0	1	3	5	5	4	0	0	1	4	155
1	2	0	2	1	2	1	1	1	2	0	4	4	4	5	2	4	3	0	0	0	0	4	80
0	3	2	2	1	3	1	0	1	2	1	5	5	5	5	2	1	2	0	0	0	3	1	30
2	2	0	2	1	2	1	1	1	2	0	5	4	3	4	0	0	0	3	0	0	3	1	40
2	2	1	2	1	3	2	1	1	2	0	1	0	0	1	5	5	5	5	0	0	1	1	150
2	3	0	2	1	3	2	1	1	2	1	2	3	3	2	1	1	1	2	0	0	1	1	225
0	4	0	2	2	1	1	1	1	0	0	4	4	4	5	0	0	1	1	0	0	1	4	105
2	2	3	2	1	3	2	1	1	2	0	4	3	2	2	0	0	2	3	0	0	1	3	230
1	2	1	2	1	3	1	1	1	2	0	5	4	4	4	2	1	2	3	0	0	3	0	15
4	3	2	2	1	3	2	1	1	2	2	0	0	0	0	5	5	5	5	0	0	2	2	60
2	3	2	2	1	3	2	0	1	2	2	4	4	1	1	1	3	2	4	0	0	3	4	60
1	3	0	2	1	2	2	0	1	2	2	0	1	1	1	5	5	3	4	0	0	4	4	115
1	3	3	2	1	3	2	1	1	2	2	0	0	0	1	4	5	5	0	0	0	3	2	40
3	1	0	2	0	3	1	1	1	2	1	1	0	0	0	0	5	5	5	0	0	4	0	30
0	1	0	2	1	1	0	1	0	2	1	5	5	5	5	1	1	0	0	0	0	1	3	165
0	1	0	2	1	0	1	1	1	2	1	5	5	5	5	3	3	2	0	0	0	1	2	41
3	1	0	2	0	1	1	0	1	2	0	2	1	0	0	0	4	4	5	0	0	2	2	55
1	3	0	2	1	3	2	1	1	2	2	4	4	3	4	1	0	1	1	0	0	0	2	207
1	3	0	2	1	3	2	0	1	2	2	4	4	3	4	1	0	1	1	0	0	1	2	30
2	3	2	2	2	3	1	1	1	2	1	5	4	4	4	1	1	1	3	0	0	1	3	200
3	2	3	2	1	3	2	1	1	2	0	3	1	1	2	3	4	3	4	0	0	2	1	78
3	2	3	2	1	3	1	0	1	0	2	3	3	0	2	2	2	3	3	0	0	4	3	230
2	1	0	2	1	0	1	1	1	2	1	1	4	3	2	4	3	3	4	0	0	1	4	135
2	2	1	2	1	0	2	1	1	2	0	3	3	1	2	3	3	2	3	0	0	3	3	52
0	3	1	2	1	3	1	0	1	1	1	5	5	5	5	0	1	1	0	0	0	1	0	20
0	1	0	2	1	3	1	0	1	2	2	1	4	4	3	1	5	3	0	0	0	2	2	50
2	2	0	2	0	3	1	0	0	2	0	3	1	2	2	4	3	2	4	0	0	1	3	30
2	3	0	2	0	2	1	0	1	2	2	5	5	4	4	4	3	2	0	0	0	1	2	22
3	2	2	2	1	0	1	1	1	2	0	1	0	0	0	4	0	5	5	0	0	2	2	41
4	3	0	2	1	2	2	1	1	2	1	0	0	0	0	5	5	5	5	0	0	1	2	225
3	3	0	2	0	2	1	0	1	2	2	2	1	0	0	0	4	4	5	0	0	1	2	60
4	3	3	2	0	1	1	1	1	2	2	3	1	0	2	4	4	3	4	0	0	2	1	30
4	1	0	2	1	0	1	1	1	2	2	0	0	0	0	5	5	5	5	0	0	3	0	20
4	3	0	2	2	3	2	1	1	2	1	0	0	0	0	5	5	5	5	0	0	2	1	60
4	3	0	2	1	3	2	0	1	1	2	0	0	0	0	5	5	5	5	0	0	2	3	140
2	3	1	2	0	1	1	1	1	2	1	3	4	4	3	0	0	1	3	0	0	4	4	100
1	3	0	2	1	1	2	1	1	2	1	4	4	4	3	4	3	4	3	0	0	4	0	95
3	3	0	2	1	3	2	1	1	2	1	1	0	0	0	5	5	5	3	0	0	2	1	55
2	1	1	2	1	0	1	0	0	1	1	0	4	5	1	4	3	3	4	0	0	1	2	150
2	3	0	2	1	1	1	0	1	2	2	3	1	1	2	0	3	3	4	0	0	4	2	80
4	2	0	2	1	2	2	1	1	2	0	0	0	0	0	5	5	5	5	0	0	1	4	155
3	1	0	2	0	0	1	1	1	2	2	1	0	0	0	5	5	5	5	0	0	0	3	150
0	0	0	2	3	0	1	1	1	0	2	5	5	5	5	0	0	1	0	0	0	0	3	285
4	2	2	2	1	3	1	1	1	2	0	0	0	0	0	5	5	5	5	0	0	3	3	30
4	3	1	2	0	1	1	0	1	2	2	1	0	0	0	4	5	5	5	0	0	2	0	258
1	2	0	2	2	2	1	1	1	2	0	4	4	3	4	0	0	0	1	0	0	4	2	60
3	3	0	2	0	3	1	1	1	2	2	1	1	1	1	3	3	5	4	0	0	4	2	35
1	4	0	2	0	0	1	1	1	0	0	1	4	2	2	4	4	4	3	0	0	4	3	130
4	2	0	2	1	3	2	0	1	2	0	0	0	0	0	5	5	5	5	0	0	1	4	30
4	3	1	2	0	3	2	0	1	1	2	0	0	0	0	5	5	5	5	0	0	1	2	120
2	3	1	2	1	2	1	1	1	2	1	3	4	1	2	4	3	4	4	0	0	4	4	86
4	2	0	2	2	0	1	1	1	2	0	0	0	0	0	5	5	5	5	0	0	1	3	90
1	3	0	2	1	1	1	0	1	1	2	4	4	4	5	2	4	3	0	0	0	2	3	30
4	2	0	2	2	1	1	1	1	2	0	0	0	0	0	5	5	5	5	0	0	3	2	90
3	3	0	2	1	3	2	1	1	2	2	1	0	0	0	5	5	5	0	0	0	3	1	19
0	3	0	2	1	3	1	0	1	1	2	5	5	5	5	1	0	0	0	0	0	1	3	75
3	2	2	2	0	3	1	1	1	2	0	1	0	0	0	5	5	5	5	0	0	2	1	38
1	3	1	2	0	2	1	0	1	1	2	3	1	2	2	1	0	3	1	0	0	1	1	30
4	3	2	2	1	3	1	1	1	2	1	0	0	0	0	5	5	5	5	0	0	1	2	60
3	2	1	2	1	0	1	1	1	2	0	3	1	1	2	3	4	3	4	0	0	1	4	105
4	3	1	2	0	2	2	1	1	2	1	0	0	0	0	5	5	5	5	0	0	1	2	115
3	1	0	2	1	0	0	1	0	2	0	1	1	0	1	1	1	5	2	0	0	2	1	57
3	3	0	2	1	3	1	1	0	2	2	1	0	0	1	0	0	0	4	0	0	1	2	75
2	3	0	2	0	3	2	0	1	2	2	0	0	0	0	5	5	5	5	0	0	3	1	50
1	3	1	2	1	3	1	1	1	2	1	5	5	4	5	3	2	0	4	0	0	2	1	20
1	3	0	2	0	3	2	1	1	2	2	0	0	1	0	5	5	4	5	0	0	3	2	31
0	3	1	2	1	3	1	1	1	1	1	3	4	4	4	4	4	0	4	0	0	1	3	50
3	3	0	2	1	1	2	1	1	2	2	0	0	0	0	5	5	5	5	0	0	1	4	85
3	3	3	2	1	3	2	1	1	2	1	1	0	0	0	5	5	5	3	0	0	1	3	35
3	3	3	2	1	1	1	0	1	2	2	1	0	0	1	1	4	4	2	0	0	1	0	25
1	1	0	2	1	1	0	0	0	2	0	4	4	4	5	1	3	1	2	0	0	0	2	135
2	2	0	2	2	3	2	1	1	2	0	3	4	2	2	2	0	2	3	0	0	3	2	60
4	3	0	2	2	1	0	0	1	1	1	0	0	0	0	5	5	5	5	0	0	2	2	260
4	2	0	2	2	1	1	1	1	2	0	0	4	0	0	5	5	5	5	0	0	2	2	60
3	1	0	2	1	3	1	1	1	2	1	3	1	0	2	4	4	3	4	0	0	0	0	300
1	3	0	2	1	3	1	0	1	2	2	5	4	4	5	3	3	1	1	0	0	1	3	75
3	3	1	2	1	3	2	0	1	1	2	1	0	0	1	2	1	5	3	0	0	2	1	40
4	2	0	2	2	3	1	0	0	0	2	0	0	0	0	5	5	5	5	0	0	1	2	62
3	2	2	2	1	3	1	1	1	2	0	0	0	0	0	5	5	5	5	0	0	1	2	60
0	3	0	2	0	3	1	0	1	2	2	5	5	4	5	3	3	0	0	0	0	1	3	60
2	3	0	2	0	3	2	1	1	2	2	4	4	3	3	4	3	3	4	0	0	2	1	62
3	3	0	2	1	3	2	0	1	1	1	3	1	1	2	0	0	2	1	0	0	2	1	45
3	3	0	2	1	3	2	1	1	2	1	2	1	0	1	0	0	2	3	0	0	2	0	90
3	3	0	2	1	3	2	1	1	2	1	1	1	0	0	0	0	5	5	0	0	2	3	55
3	3	0	2	1	3	2	1	1	2	2	0	0	0	1	5	5	5	4	0	0	2	3	75
3	3	0	2	0	1	2	0	1	2	2	1	1	0	0	5	0	5	0	0	0	2	2	19
0	3	0	2	0	3	0	0	0	2	2	5	5	5	5	1	0	0	0	0	0	4	2	30
4	3	0	2	1	3	2	0	1	2	2	0	0	0	0	5	5	5	5	0	0	1	2	88
4	3	1	2	1	2	1	1	1	2	2	0	0	0	0	5	5	5	5	0	0	3	1	45
2	3	2	2	0	2	2	0	1	1	2	4	4	4	3	0	2	2	3	0	0	4	4	185
0	3	0	2	1	3	1	0	1	1	2	5	5	4	5	2	2	3	0	0	0	2	2	30
0	3	1	2	0	2	1	0	1	2	2	5	5	5	5	0	0	2	1	0	0	2	1	30
0	3	0	2	0	3	2	1	1	2	2	3	5	4	4	2	3	3	0	0	0	1	3	90
3	1	0	2	1	2	2	1	1	2	0	1	0	0	0	4	4	4	5	0	0	1	1	34
4	3	0	2	1	1	1	0	1	1	2	0	0	0	0	5	0	5	5	0	0	1	1	60
3	2	0	2	2	1	1	1	1	2	0	0	0	0	0	5	5	5	5	0	0	2	1	60
2	3	0	2	2	2	1	1	1	2	1	4	4	3	3	0	0	1	3	0	0	2	2	50
2	3	2	2	1	3	2	1	1	2	1	5	4	4	5	4	0	0	0	0	0	1	1	195
4	3	0	2	1	3	2	1	1	2	1	1	0	0	0	5	5	5	5	0	0	2	4	210
3	2	3	2	1	1	1	1	1	2	0	1	0	0	1	0	0	5	3	0	0	3	2	55
1	3	0	2	1	3	2	1	1	2	2	1	4	4	2	4	5	4	4	0	0	1	3	290
4	3	0	2	0	2	2	0	1	2	2	0	0	0	0	5	5	5	5	0	0	4	2	50
0	3	2	2	1	3	2	1	1	2	1	5	4	4	5	1	3	1	2	0	0	3	1	22
4	2	0	2	2	0	1	1	1	2	0	0	0	0	0	5	5	5	5	0	0	2	3	40
3	1	0	2	0	1	1	1	1	2	0	1	0	0	1	5	5	5	1	0	0	2	3	50
1	3	3	2	1	3	1	1	1	2	1	4	4	4	3	4	3	3	4	0	0	1	3	56
2	2	2	2	1	1	1	0	1	0	2	3	3	3	2	3	3	0	4	0	0	2	3	67
4	3	3	2	1	3	2	1	1	2	1	0	0	0	0	5	5	5	5	0	0	1	1	130
3	3	3	2	1	3	1	0	1	1	2	0	0	0	0	5	5	5	5	0	0	4	1	44
3	2	3	2	1	3	2	1	1	2	0	1	1	2	1	5	5	4	5	0	0	3	2	55
4	2	3	2	1	0	2	1	1	2	0	0	0	0	0	5	5	5	5	0	0	4	4	80
4	3	0	2	0	2	2	0	1	2	2	0	0	0	0	5	5	5	5	0	0	3	3	21
3	3	0	2	1	3	2	1	1	2	2	2	1	0	1	1	2	5	3	0	0	1	3	45
4	3	2	2	1	3	2	1	1	2	1	0	0	0	0	5	5	5	5	0	0	1	4	195
3	2	2	2	1	2	1	0	1	0	2	1	0	1	1	5	5	5	4	0	0	1	3	135
2	1	3	2	1	0	0	0	1	2	2	3	4	3	2	4	3	3	4	0	0	4	1	30
2	3	0	2	1	3	2	0	1	2	2	2	3	2	2	1	1	2	2	0	0	2	0	35
1	3	0	2	0	2	2	0	1	1	2	1	1	1	1	4	5	5	5	0	0	4	3	175
1	3	0	2	1	3	1	1	1	2	2	5	5	4	5	0	1	1	2	0	0	1	4	219
1	3	3	2	1	3	1	0	1	1	2	3	3	2	3	4	1	2	4	0	0	1	2	70
3	2	1	2	0	1	1	1	1	1	0	0	0	0	0	5	5	5	5	0	0	3	2	60
1	1	0	2	2	1	1	0	1	2	0	4	4	4	4	1	3	2	4	0	0	2	2	60
2	3	3	2	1	2	1	1	1	2	1	3	1	1	2	2	2	2	4	0	0	2	2	55
4	3	0	2	2	1	1	1	1	2	1	0	0	0	0	5	5	5	5	0	0	2	3	60
4	3	0	2	1	3	1	1	1	2	2	0	3	1	0	4	4	5	5	0	0	2	3	59
2	3	3	2	1	3	2	1	1	2	1	1	1	0	1	2	2	5	3	0	0	0	1	90
4	2	2	2	1	1	1	1	1	2	0	1	0	0	0	0	5	5	4	0	0	3	3	40
3	3	0	2	2	3	2	1	1	2	2	1	1	1	1	1	1	5	2	0	0	2	2	55
4	2	0	2	1	2	2	0	1	0	2	0	0	0	0	5	5	5	5	0	0	1	2	90
2	3	0	2	1	3	2	0	1	1	2	2	1	1	2	2	1	2	3	0	0	2	3	27
2	3	0	2	1	2	1	1	1	2	1	4	4	4	4	3	2	2	3	0	0	4	4	60
2	3	0	2	0	2	1	0	0	1	2	4	4	4	4	3	2	2	3	0	0	4	3	17
1	3	0	2	2	3	2	1	1	2	1	1	2	2	2	3	0	0	3	0	0	1	4	20
2	3	3	2	1	1	1	0	1	1	2	0	0	0	0	5	5	4	5	0	0	3	1	55
3	3	3	2	1	3	1	1	1	2	2	1	1	0	0	4	4	3	4	0	0	1	0	85
4	2	1	2	1	1	1	1	1	2	0	0	0	0	0	5	5	5	5	0	0	3	2	57
2	2	1	2	0	3	1	1	1	2	0	0	0	0	0	5	5	4	5	0	0	2	2	30
0	2	0	2	2	3	1	1	0	2	0	3	5	5	5	1	1	1	1	0	0	2	1	60
3	3	1	2	0	2	2	1	1	2	1	0	0	0	0	5	5	5	5	0	0	4	3	45
3	3	0	2	1	3	1	1	1	2	2	1	0	0	1	0	0	0	4	0	0	2	1	60
4	3	0	2	2	3	1	1	1	2	1	0	0	0	0	5	5	5	5	0	0	2	2	50
3	3	3	2	1	1	2	1	1	2	2	0	0	0	0	5	5	5	5	0	0	3	1	55
3	3	3	2	1	1	2	0	1	2	2	0	0	0	0	5	5	5	5	0	0	1	1	35
3	4	0	2	3	1	2	1	1	0	0	0	0	0	0	5	5	5	5	0	0	1	1	100
2	2	0	2	2	1	1	0	1	1	0	4	4	4	3	4	3	3	0	0	0	0	2	10
3	2	0	2	1	2	1	0	1	2	0	1	0	0	1	4	3	3	4	0	0	1	3	65
0	1	3	2	1	3	1	1	1	2	0	1	2	3	2	4	4	4	0	0	0	1	3	60
2	2	0	2	2	2	1	1	1	2	0	3	1	0	1	3	3	4	4	0	0	3	2	58
3	3	0	2	1	3	1	1	1	2	2	0	0	0	0	5	5	5	5	0	0	3	0	25
4	3	0	2	2	3	1	1	1	2	1	0	0	0	0	5	5	5	5	0	0	1	1	35
3	2	0	2	2	3	2	0	1	2	0	0	1	1	1	4	4	3	4	0	0	1	4	34
3	3	2	2	1	3	1	1	1	2	1	2	0	0	1	4	4	4	5	0	0	4	4	195
2	2	0	2	1	3	1	0	1	1	0	5	4	4	3	2	1	2	2	0	0	2	4	30
0	1	0	2	2	2	0	1	0	2	1	5	5	4	5	0	0	0	0	0	0	2	3	30
1	2	0	2	1	3	1	1	1	2	0	3	4	2	2	4	3	3	4	0	0	0	3	180
1	1	0	2	1	3	2	1	1	2	0	5	4	4	4	3	3	2	0	0	0	2	1	40
3	3	0	2	1	3	2	0	1	2	2	3	1	1	2	0	0	2	1	0	0	3	2	44
0	1	0	2	0	2	1	0	1	2	0	5	5	5	5	0	0	0	0	0	0	2	1	25
2	3	0	2	1	3	2	1	1	2	1	3	3	2	3	4	3	3	2	0	0	1	3	90
4	2	2	2	1	3	2	1	1	2	0	1	0	0	0	2	5	5	5	0	0	1	2	105
1	1	0	2	1	0	0	0	1	1	0	3	5	4	3	0	3	2	0	0	0	2	3	10
3	3	2	2	1	2	2	0	1	2	2	0	0	2	0	5	5	4	5	0	0	0	4	245
0	1	0	2	1	2	1	0	1	2	2	5	5	5	5	0	0	1	0	0	0	2	3	60
1	3	1	2	0	2	1	0	1	1	2	3	1	2	2	1	0	3	1	0	0	1	4	70
2	2	0	2	1	3	2	1	1	2	0	0	0	0	0	5	5	5	5	0	0	4	1	35
4	2	0	2	1	1	1	0	1	2	0	0	0	0	0	5	5	5	5	0	0	4	2	50
3	2	0	2	2	1	1	0	0	2	0	1	0	0	0	5	5	5	5	0	0	3	4	255
3	3	1	2	0	3	2	1	1	2	1	1	0	0	0	5	5	5	5	0	0	1	3	45
2	2	2	2	1	3	2	1	1	2	0	4	4	4	4	0	0	0	3	0	0	4	4	80
2	2	0	2	1	3	1	1	1	2	0	2	3	2	2	1	1	2	2	0	0	1	4	215
2	1	0	2	2	2	1	0	1	2	1	1	4	4	1	5	5	5	3	0	0	1	4	30
2	3	0	2	0	3	2	0	1	2	2	3	1	2	2	0	1	3	4	0	0	2	1	35
2	3	0	2	0	1	2	0	1	2	2	3	4	2	2	4	2	4	3	0	0	1	1	60
1	2	1	2	0	2	1	1	1	2	0	5	4	4	4	0	0	0	3	0	0	1	1	45
4	2	3	2	1	3	2	1	1	2	0	0	0	0	0	5	5	5	5	0	0	1	1	186
4	2	1	2	0	2	1	1	1	2	0	1	1	0	1	0	0	0	4	0	0	1	1	160
2	4	0	2	2	3	1	0	1	0	0	3	2	3	1	3	2	0	4	0	0	0	0	255
0	1	0	2	0	3	1	0	1	2	2	5	5	5	5	0	0	0	0	0	0	2	1	20
1	1	1	2	1	3	1	1	1	2	2	1	2	4	2	4	4	4	3	0	0	1	2	40
0	3	0	2	0	2	2	1	1	2	2	5	5	4	5	0	2	2	0	0	0	2	1	37
0	3	0	3	0	3	2	1	1	2	2	5	5	5	5	1	1	1	0	0	0	2	1	95
3	3	0	3	2	3	1	0	1	1	2	0	0	0	0	5	5	5	5	0	0	2	2	31
3	2	0	3	1	2	2	1	1	2	0	0	1	0	1	5	5	5	5	0	0	4	2	43
4	2	1	3	1	2	2	1	1	2	0	0	0	0	0	5	5	5	5	0	0	2	0	60
0	1	0	3	0	2	0	0	0	2	0	5	5	4	5	0	0	0	0	0	0	2	1	35
4	2	0	3	1	2	2	1	1	2	0	0	0	0	0	5	5	5	5	0	0	2	3	65
3	3	3	3	1	3	2	0	1	2	2	1	1	1	1	3	3	5	4	0	0	0	4	50
0	3	1	3	0	1	0	0	0	1	1	5	5	5	5	0	0	0	0	0	0	1	3	50
2	1	0	3	0	1	0	0	1	2	1	3	2	1	2	0	0	2	4	0	0	2	2	45
1	2	0	3	1	1	1	1	1	2	0	5	4	4	4	2	2	2	0	0	0	2	3	60
2	2	2	3	1	3	2	1	1	2	0	2	1	0	2	3	2	2	0	0	0	1	2	50
2	3	0	3	0	3	1	1	1	2	2	3	2	2	2	0	0	0	2	0	0	4	1	55
1	3	0	3	1	3	2	0	1	1	1	4	4	3	4	4	3	3	0	0	0	4	3	20
2	2	1	3	1	3	2	1	1	2	0	5	4	4	4	3	3	2	0	0	0	2	1	70
4	3	2	3	1	3	2	0	1	1	2	0	0	0	0	5	5	5	5	0	0	1	3	30
3	3	0	3	1	3	1	1	1	2	2	3	1	1	1	1	1	2	4	0	0	1	1	25
4	2	0	3	1	3	2	1	1	2	0	0	0	0	0	4	5	5	5	0	0	1	2	60
4	1	0	3	1	3	1	1	1	2	0	1	0	0	0	5	5	5	5	0	0	4	3	15
0	3	0	3	1	1	1	1	1	2	0	5	5	4	5	2	1	2	3	0	0	0	1	235
4	1	0	3	2	1	0	0	1	1	0	0	0	0	0	5	5	5	5	0	0	1	2	35
3	3	0	3	0	1	2	1	1	2	2	1	1	0	1	0	0	2	3	0	0	0	2	225
4	2	1	3	1	1	2	1	1	2	0	1	0	0	0	5	5	5	5	0	0	4	3	100
0	3	2	3	1	3	1	0	1	2	2	3	4	4	4	0	2	2	0	0	0	4	0	70
4	1	0	3	1	1	1	0	1	1	0	0	0	0	0	5	5	5	5	0	0	0	0	210
2	3	1	3	1	2	1	1	1	2	1	1	1	1	1	0	0	0	1	0	0	1	1	40
2	1	0	3	1	2	1	1	1	2	0	5	4	4	4	2	0	0	3	0	0	4	4	20
0	1	0	3	2	3	1	1	1	2	0	5	5	5	5	0	0	0	0	0	0	2	1	60
0	1	0	3	1	1	0	0	1	2	0	5	5	4	5	2	1	2	3	0	0	2	3	48
4	1	0	3	1	0	1	1	1	1	2	0	0	0	0	5	5	5	5	0	0	1	4	26
2	2	1	3	0	1	2	1	1	2	0	3	1	1	2	0	3	3	4	0	0	2	1	90
3	3	3	3	1	3	1	1	1	2	1	3	1	0	1	4	4	5	4	0	0	2	2	78
4	2	1	3	1	1	1	1	1	2	0	0	0	0	0	5	5	5	5	0	0	3	1	45
3	2	0	3	2	1	1	0	1	1	0	1	0	0	1	5	0	5	2	0	0	2	1	65
4	2	2	3	1	2	1	1	1	2	0	0	0	0	0	5	5	5	5	0	0	2	3	60
2	3	0	3	1	1	1	0	1	1	2	2	4	4	2	0	1	2	0	0	0	1	3	80
2	3	2	3	1	2	1	1	1	2	1	3	4	4	3	3	4	4	0	0	0	3	2	25
3	3	0	3	0	2	2	1	1	2	2	0	0	0	0	5	5	5	5	0	0	1	1	65
2	3	3	3	1	2	1	1	1	2	2	3	1	1	2	0	3	3	4	0	0	2	1	50
2	1	0	3	2	2	1	0	1	2	2	1	1	0	1	3	3	5	4	0	0	1	3	61
2	1	0	3	2	2	1	0	1	1	0	4	4	4	4	1	1	2	3	0	0	1	3	90
2	3	3	3	1	2	2	0	1	1	2	0	0	0	0	5	5	5	5	0	0	1	3	295
1	3	0	3	0	2	1	0	1	2	2	5	5	5	5	2	0	2	3	0	0	1	2	240
1	3	0	3	1	1	0	0	0	2	1	4	4	4	5	2	2	2	3	0	0	2	2	50
4	3	0	3	2	2	2	0	1	1	2	0	0	0	0	5	5	5	5	0	0	1	1	60
4	2	0	3	1	1	2	1	1	2	0	0	0	0	0	5	5	5	5	0	0	2	2	65
4	0	2	3	1	0	1	0	1	0	1	0	0	0	0	5	5	5	5	0	0	1	1	233
3	2	0	3	2	1	1	1	1	2	0	3	3	1	1	4	3	3	4	0	0	1	0	225
3	2	1	3	0	1	1	1	1	2	0	1	0	0	0	5	5	5	5	0	0	3	2	60
1	2	3	3	1	3	2	1	1	2	0	1	4	3	2	4	4	4	4	0	0	1	3	195
1	3	3	3	1	1	1	1	1	2	1	5	4	4	5	3	3	2	1	0	0	2	4	60
3	2	1	3	1	3	2	1	1	2	0	3	1	0	1	0	0	0	5	0	0	4	0	63
4	1	3	3	1	1	2	0	1	1	0	0	0	0	0	5	5	5	5	0	0	1	1	30
1	1	0	3	1	2	1	1	1	2	0	3	4	4	3	2	3	2	0	0	0	1	4	81
3	3	1	3	1	2	1	1	1	2	1	0	0	0	0	4	4	5	5	0	0	3	1	40
3	3	1	3	1	3	2	0	1	1	2	3	1	1	2	3	2	2	4	0	0	0	4	151
3	3	1	3	1	2	1	1	1	2	1	3	1	1	2	3	4	3	4	0	0	2	1	65
2	3	0	3	0	3	1	1	0	2	2	4	4	4	4	1	1	2	3	0	0	2	2	65
3	3	1	3	1	0	1	1	1	2	1	2	4	4	2	4	4	3	4	0	0	4	2	74
4	3	1	3	0	1	1	1	1	2	1	0	0	0	0	5	5	5	5	0	0	2	1	31
2	2	0	3	2	1	1	1	1	0	2	3	4	2	2	2	2	2	3	0	0	2	1	20
2	2	0	3	1	1	1	0	1	2	0	3	4	2	2	2	2	2	3	0	0	2	1	20
1	1	0	3	1	2	1	0	1	2	0	5	4	4	5	2	2	2	0	0	0	2	2	35
3	2	2	3	1	3	1	1	1	2	0	1	0	0	1	5	1	5	2	0	0	1	2	65
4	2	3	3	1	3	2	1	1	2	0	0	0	0	0	5	5	5	5	0	0	0	1	210
3	3	2	3	1	1	2	1	1	2	1	1	0	0	1	0	0	0	4	0	0	2	3	45
1	2	2	3	1	3	2	1	1	2	0	3	1	0	2	4	3	4	1	0	0	2	2	46
2	3	0	3	2	1	2	1	1	2	1	2	3	2	2	1	1	2	2	0	0	4	3	202
0	3	0	3	0	3	2	0	1	2	2	3	2	1	2	3	0	2	0	0	0	0	1	280
0	3	0	3	0	3	2	1	1	2	2	3	2	1	2	3	0	2	0	0	0	3	1	20
4	2	0	3	1	2	2	1	1	2	0	0	0	0	0	5	5	5	5	0	0	1	4	68
1	3	0	3	1	3	1	0	1	1	2	3	4	4	3	2	3	2	2	0	0	2	1	50
1	3	0	3	1	3	1	1	0	2	1	3	4	4	3	2	3	2	2	0	0	1	0	70
1	3	0	3	0	1	0	0	1	1	2	4	4	3	4	4	3	3	0	0	0	1	3	10
0	3	0	3	2	2	1	1	1	1	1	5	5	4	5	0	0	2	1	0	0	1	2	65
3	2	0	3	2	1	1	1	1	2	0	1	1	0	1	5	3	4	4	0	0	0	1	185
2	3	2	3	1	3	1	1	1	2	1	3	3	2	1	4	3	3	4	0	0	1	3	60
1	3	1	3	0	3	1	0	1	2	2	4	4	4	5	1	3	1	0	0	0	1	3	40
4	3	0	3	0	3	2	0	1	1	2	0	0	0	0	5	5	5	5	0	0	1	3	100
2	1	3	3	1	1	1	0	1	2	0	0	0	0	0	5	5	5	5	0	0	0	3	243
1	3	0	3	0	2	1	1	1	2	2	3	5	4	3	0	2	2	3	0	0	1	2	65
2	3	0	3	0	3	1	1	1	2	2	3	1	0	1	2	2	5	4	0	0	4	1	33
2	3	0	3	1	3	2	0	1	2	2	0	1	4	1	5	5	4	4	0	0	1	1	47
2	3	0	3	1	2	2	1	1	2	2	4	4	4	4	0	0	0	3	0	0	1	3	55
4	3	1	3	0	2	1	0	1	1	2	0	0	0	0	5	5	5	5	0	0	2	2	35
1	3	0	3	0	3	1	1	1	2	0	5	4	3	3	0	1	3	0	0	0	0	4	130
0	2	0	3	2	3	1	1	1	2	0	1	0	0	0	5	5	5	5	0	0	4	1	125
4	3	0	3	0	3	2	1	1	2	2	0	0	0	0	5	5	5	5	0	0	0	3	165
0	3	0	3	0	1	1	0	1	2	1	5	5	4	5	0	0	0	0	0	0	2	1	30
4	1	0	3	2	1	1	0	1	2	1	0	0	0	0	5	5	5	5	0	0	3	1	60
2	3	3	3	1	1	1	0	1	1	2	3	4	3	2	1	1	1	0	0	0	3	2	70
3	3	0	3	1	1	2	1	1	2	2	1	0	0	0	0	5	5	0	0	0	1	2	115
0	3	1	3	1	1	1	1	1	1	1	5	5	5	5	0	0	0	1	0	0	1	4	75
1	3	1	3	1	3	2	0	1	2	2	3	1	0	2	4	3	4	1	0	0	2	2	70
0	3	0	3	1	3	1	0	1	2	2	5	5	5	5	1	0	1	0	0	0	0	2	295
0	3	1	3	0	3	1	1	1	2	2	5	5	5	5	0	0	0	0	0	0	1	2	65
3	3	2	3	1	3	2	0	1	1	2	0	0	0	0	5	5	5	5	0	0	2	3	28
4	2	0	3	1	2	1	1	1	0	1	0	0	0	0	5	5	5	5	0	0	2	2	70
1	3	3	3	1	2	2	0	1	1	2	4	4	4	3	1	3	1	0	0	0	2	3	115
1	3	1	3	1	2	1	0	1	1	2	5	4	4	5	0	0	0	3	0	0	1	0	160
1	2	1	3	1	2	2	1	1	2	0	5	4	3	4	4	3	3	4	0	0	1	4	80
3	2	0	3	1	3	1	1	1	2	0	2	1	1	1	3	2	2	4	0	0	1	2	88
2	2	2	3	0	3	1	1	1	2	0	4	4	4	4	4	3	3	4	0	0	2	1	45
2	3	1	3	0	3	2	1	1	2	1	3	1	1	2	3	3	2	3	0	0	1	2	64
4	2	2	3	1	1	1	1	1	2	0	0	0	0	0	5	5	5	5	0	0	0	3	250
2	2	3	3	1	2	1	0	1	2	0	3	3	2	2	3	3	2	4	0	0	2	3	295
3	3	0	3	0	1	0	0	1	2	2	1	0	0	1	5	5	4	0	0	0	2	2	65
4	3	3	3	1	2	2	0	1	1	1	0	0	0	0	5	5	5	5	0	0	2	3	60
3	3	0	3	0	3	2	0	1	2	2	1	0	0	0	5	5	5	5	0	0	2	3	30
0	1	0	3	2	1	1	0	1	2	0	5	5	5	5	0	0	0	0	0	0	1	2	60
4	3	0	3	2	3	1	0	1	2	2	0	0	0	0	5	5	5	5	0	0	2	3	45
2	3	0	3	0	3	2	0	1	2	2	3	4	2	2	0	0	2	3	0	0	1	0	55
0	3	0	3	0	2	1	1	1	2	2	5	5	5	5	0	0	2	1	0	0	2	2	25
0	3	1	3	1	2	1	1	0	2	1	5	5	5	5	1	1	0	2	0	0	2	3	30
0	3	1	3	1	2	1	0	1	1	2	5	5	5	5	1	1	0	2	0	0	2	2	60
1	3	0	3	2	3	2	0	1	1	2	3	5	4	3	3	2	2	4	0	0	2	2	65
0	3	0	3	2	3	1	1	1	2	1	5	5	5	5	1	1	1	1	0	0	2	1	55
3	3	1	3	0	1	2	1	1	2	1	1	1	0	0	5	0	5	5	0	0	1	0	180
2	3	0	3	1	3	2	1	1	1	1	1	1	2	1	0	4	4	0	0	0	1	1	19
4	3	2	3	1	2	1	0	1	1	2	1	0	0	0	0	5	5	5	0	0	1	4	110
4	1	0	3	0	2	1	1	1	2	0	1	0	0	0	5	5	5	5	0	0	1	1	106
4	3	0	3	1	3	2	1	1	2	1	0	0	0	0	5	5	5	5	0	0	1	0	235
4	2	0	3	2	3	2	1	1	2	0	2	0	1	1	4	3	4	4	0	0	4	1	65
4	3	1	3	2	3	2	1	1	2	2	0	0	0	0	5	5	5	5	0	0	0	3	90
4	2	2	3	1	3	1	1	1	2	0	0	0	0	0	5	5	5	5	0	0	1	2	94
0	1	0	3	0	2	0	0	1	2	2	5	4	4	5	2	0	2	0	0	0	1	1	10
3	3	1	3	1	3	2	0	1	2	2	1	0	0	0	5	5	5	5	0	0	3	2	50
4	2	1	3	1	3	2	1	1	2	0	0	0	0	0	5	5	5	5	0	0	2	2	85
0	3	0	3	2	3	2	1	1	2	2	3	4	4	4	0	1	0	0	0	0	2	2	50
3	3	0	3	2	3	0	0	0	2	2	2	1	0	1	0	0	1	2	0	0	2	2	30
3	2	0	3	2	1	1	1	1	2	0	0	0	0	0	5	5	5	5	0	0	2	3	12
1	3	0	3	1	2	1	0	1	1	2	4	4	2	3	4	4	3	4	0	0	2	2	53
1	3	0	3	1	3	1	0	1	2	2	1	2	1	2	4	4	4	4	0	0	4	3	40
4	2	2	3	1	1	1	1	1	2	0	0	0	0	0	5	5	5	5	0	0	1	2	45
4	1	0	3	1	3	1	0	1	2	0	1	0	0	0	5	5	5	5	0	0	3	1	50
4	1	0	3	1	1	1	1	1	2	0	0	0	1	0	5	5	4	5	0	0	2	3	10
4	2	3	3	1	3	1	1	1	2	0	1	0	0	0	5	5	5	5	0	0	4	1	45
3	0	0	3	2	0	2	0	1	0	2	3	1	0	1	0	0	0	1	0	0	1	3	105
3	3	3	3	1	2	2	1	1	2	1	1	1	0	1	0	0	0	1	0	0	3	2	45
4	3	0	3	1	3	2	0	1	1	2	0	0	0	0	5	5	5	5	0	0	3	4	182
1	2	1	3	1	3	2	1	1	2	0	5	4	4	4	4	4	1	3	0	0	1	0	115
3	3	1	3	1	1	2	1	1	1	1	0	0	0	0	5	5	5	5	0	0	4	1	62
1	3	0	3	1	1	2	0	1	2	2	1	5	4	1	4	0	0	2	0	0	2	3	27
3	2	0	3	2	3	2	1	1	2	0	0	0	0	0	5	5	5	5	0	0	4	1	40
1	2	1	3	0	2	1	1	1	2	0	1	4	4	2	3	1	2	2	0	0	2	1	15
3	3	2	3	1	1	2	0	1	1	2	5	4	2	2	4	3	3	4	0	0	1	3	27
2	3	1	3	1	2	1	1	1	2	1	4	4	4	3	0	2	2	3	0	0	2	2	35
3	3	3	3	1	3	2	0	1	1	2	4	4	2	2	3	3	2	1	0	0	2	2	50
1	1	0	3	1	2	1	1	1	2	1	5	4	4	4	4	3	2	4	0	0	1	1	110
2	2	0	3	2	3	2	1	1	2	0	3	4	3	3	0	0	0	0	0	0	1	3	69
3	1	0	3	0	1	0	0	1	2	0	1	0	0	1	5	0	5	2	0	0	1	2	60
4	3	0	3	2	3	1	0	1	2	2	0	0	0	0	5	5	5	5	0	0	4	1	40
4	3	3	3	1	3	2	0	1	1	2	0	0	0	0	5	5	5	5	0	0	1	3	260
3	3	2	3	1	2	0	1	1	2	1	1	0	0	0	5	5	5	5	0	0	4	3	35
1	2	0	3	2	1	2	1	1	2	0	5	4	4	5	1	1	1	2	0	0	2	2	60
2	4	3	3	1	1	2	1	1	0	0	1	3	2	2	1	0	2	1	0	0	1	0	70
0	3	0	3	1	2	1	0	1	2	1	5	5	5	5	0	1	1	0	0	0	2	1	60
4	3	0	3	0	3	2	0	1	2	2	0	0	0	0	0	0	0	0	0	0	2	2	90
3	3	0	3	2	3	1	0	1	2	2	1	0	0	1	0	0	2	3	0	0	2	1	95
1	1	0	3	1	1	0	0	0	2	2	3	4	1	1	4	4	4	5	0	0	1	1	65
0	3	1	3	1	3	1	0	1	2	1	5	5	5	5	1	1	1	1	0	0	1	1	49
0	3	0	3	1	3	1	0	1	2	2	5	5	5	5	0	2	0	1	0	0	2	1	17
3	1	0	3	1	3	1	1	1	2	1	3	3	1	1	4	3	3	4	0	0	1	1	90
2	2	0	3	1	3	1	0	1	2	0	3	5	4	4	2	1	2	3	0	0	3	2	60
0	1	0	3	1	1	0	0	1	2	0	5	5	5	5	1	1	1	0	0	0	1	2	45
3	3	3	3	1	3	2	0	1	1	2	1	0	0	1	3	0	5	4	0	0	4	0	45
2	3	0	3	1	1	1	1	1	2	1	4	4	2	2	4	3	3	4	0	0	2	0	40
1	2	0	3	2	1	1	1	1	1	0	5	4	2	5	1	1	2	1	0	0	2	2	70
0	2	1	3	1	3	1	1	1	2	0	5	5	4	5	0	0	1	0	0	0	1	1	48
4	1	0	3	1	2	1	0	1	2	0	0	0	0	0	5	5	5	5	0	0	2	3	30
0	1	0	3	1	2	1	0	1	2	0	5	5	5	5	0	0	1	0	0	0	0	3	195
2	2	3	3	1	3	2	1	1	2	0	2	4	4	2	0	1	2	0	0	0	3	2	65
3	3	2	3	1	2	2	1	1	2	1	0	0	0	0	5	5	5	5	0	0	1	1	70
4	2	1	3	0	0	1	1	1	2	0	0	0	0	0	4	5	5	5	0	0	3	1	47
4	2	2	3	1	3	1	1	1	2	0	1	0	0	0	5	5	5	5	0	0	2	1	60
4	2	0	3	2	3	1	1	1	2	0	0	0	0	0	5	5	5	5	0	0	1	2	63
2	3	3	3	1	2	2	0	1	1	2	1	4	1	2	4	4	4	4	0	0	4	4	205
4	2	3	3	1	3	2	1	1	2	0	0	0	0	0	5	5	5	5	0	0	2	1	55
3	2	2	3	1	3	2	1	1	2	0	1	0	0	1	4	0	5	0	0	0	1	1	105
0	1	0	3	1	1	1	0	1	2	0	5	5	5	5	1	1	1	0	0	0	1	1	155
4	3	2	3	1	3	2	1	1	2	2	0	0	0	0	5	5	5	5	0	0	2	3	75
4	2	1	3	1	3	1	1	1	2	0	0	0	0	0	5	5	5	5	0	0	2	0	165
4	3	0	3	0	2	1	1	1	2	2	1	0	0	0	5	5	5	5	0	0	2	2	90
1	1	0	3	1	3	0	1	1	2	1	5	4	4	4	0	0	0	0	0	0	1	1	70
4	2	1	3	0	3	2	0	1	0	2	3	1	0	2	1	3	3	1	0	0	2	3	46
1	2	0	3	1	2	1	1	1	2	0	1	1	1	1	4	5	5	5	0	0	1	2	90
3	4	0	3	2	2	2	1	1	0	0	1	1	1	1	0	5	5	0	0	0	1	1	110
1	3	3	3	1	3	1	1	1	2	1	3	4	2	1	3	3	3	4	0	0	4	3	200
4	2	0	3	1	1	2	1	1	2	0	0	0	0	0	5	5	5	5	0	0	2	1	51
4	3	0	3	1	2	1	1	1	2	1	0	0	0	0	5	5	5	5	0	0	2	1	50
1	3	0	3	1	1	1	0	1	2	2	1	1	1	1	4	5	5	5	0	0	1	1	85
0	3	1	3	1	1	1	1	1	2	2	3	5	4	4	2	3	2	2	0	0	1	2	45
4	1	0	3	1	2	1	0	1	2	0	0	1	0	0	5	5	5	5	0	0	4	4	148
1	3	0	3	0	3	1	1	1	2	2	4	3	1	2	0	0	1	2	0	0	3	1	61
0	3	0	3	1	3	1	1	1	2	2	3	4	4	4	1	3	0	0	0	0	1	3	30
4	3	1	3	0	2	1	1	1	2	2	0	0	0	0	5	5	5	5	0	0	1	2	80
4	2	0	3	2	1	1	1	1	2	0	0	0	0	0	5	5	5	5	0	0	2	2	55
2	3	0	3	1	3	1	1	1	2	2	3	4	2	1	4	4	3	4	0	0	4	4	60
0	3	3	3	1	3	1	0	1	2	2	1	1	4	2	4	5	4	0	0	0	2	3	60
0	3	3	3	1	3	1	1	1	2	2	1	1	4	2	4	5	4	0	0	0	2	3	60
4	3	0	3	2	1	2	1	1	2	1	0	0	0	0	5	5	5	5	0	0	1	2	250
4	2	0	3	2	3	1	1	1	2	0	0	0	0	0	5	5	5	5	0	0	2	2	56
3	3	2	3	1	1	2	1	1	2	1	0	0	0	0	5	5	5	5	0	0	4	3	32
4	3	1	3	1	3	2	0	1	1	2	1	0	0	0	5	5	5	5	0	0	2	1	50
1	2	3	3	2	3	1	1	1	2	0	5	4	4	5	4	3	3	1	0	0	0	1	285
1	3	0	3	1	2	1	0	1	1	2	3	4	3	3	0	3	3	4	0	0	0	2	250
3	3	0	3	1	3	1	0	1	2	1	0	0	0	0	5	5	5	5	0	0	1	4	85
2	3	0	3	1	3	2	0	1	2	2	2	2	1	2	4	4	4	5	0	0	4	4	123
2	3	0	3	0	1	1	1	1	2	2	1	3	2	2	4	5	4	4	0	0	2	3	30
3	2	2	3	1	3	1	0	1	0	2	1	0	0	1	5	3	5	4	0	0	1	3	80
2	2	0	3	2	2	2	1	1	2	0	4	3	2	4	0	0	3	2	0	0	0	4	140
3	3	0	3	1	2	1	1	1	2	1	1	1	0	1	0	0	0	1	0	0	3	2	55
2	2	1	3	1	1	1	1	1	2	0	3	2	2	2	3	3	2	3	0	0	0	3	96
2	1	0	3	0	1	1	0	1	2	2	4	3	2	4	0	0	3	2	0	0	3	2	30
3	2	1	3	1	3	1	0	1	1	0	1	0	1	1	4	5	5	5	0	0	1	0	92
2	3	1	3	0	3	2	0	1	1	2	1	1	0	1	4	3	3	4	0	0	4	4	15
3	3	2	3	1	3	2	1	1	2	1	0	0	0	0	5	5	5	5	0	0	4	3	75
0	2	0	3	0	1	0	1	1	0	2	5	5	5	5	0	0	0	1	0	0	3	1	45
4	1	0	3	1	3	1	1	1	2	0	0	0	0	0	5	5	5	5	0	0	2	2	40
4	1	2	3	1	3	1	0	1	1	0	0	0	1	0	5	5	4	5	0	0	1	3	133
4	3	1	3	1	3	2	1	1	2	1	0	0	0	0	5	5	5	5	0	0	2	2	63
2	2	0	3	1	3	2	1	1	2	0	3	2	1	2	4	3	3	4	0	0	4	4	43
3	3	0	3	1	3	2	1	1	2	1	1	1	2	1	1	1	3	2	0	0	2	2	45
3	4	0	3	3	2	1	1	1	0	0	0	0	0	0	5	5	5	5	0	0	2	2	65
4	3	0	3	2	3	1	1	1	2	1	0	0	0	0	5	5	5	5	0	0	1	2	30
4	3	0	3	2	3	1	0	1	1	2	0	0	0	0	5	5	5	5	0	0	1	3	80
3	2	0	3	2	1	1	0	1	0	2	3	1	1	2	0	0	2	1	0	0	0	2	200
1	3	0	3	1	3	2	1	1	2	1	5	4	4	4	2	3	1	2	0	0	4	4	100
4	3	0	3	2	1	1	0	1	1	2	0	0	0	0	5	5	5	5	0	0	1	1	270
0	3	1	3	1	3	2	0	1	1	2	3	2	1	2	3	0	2	0	0	0	0	2	105
0	1	0	3	2	0	1	0	1	2	0	5	5	4	5	0	0	0	0	0	0	0	0	165
0	3	0	3	2	2	0	1	0	2	1	5	4	4	5	0	0	0	0	0	0	2	3	30
4	3	0	3	1	2	1	1	1	2	1	1	0	0	0	5	4	5	5	0	0	4	4	140
2	1	0	3	1	1	2	1	1	2	1	4	4	4	2	4	3	3	4	0	0	1	0	225
2	3	0	3	2	3	1	0	1	1	2	3	4	3	2	2	2	2	4	0	0	0	1	15
4	3	3	3	1	1	1	1	1	2	1	0	0	0	0	5	5	5	5	0	0	1	4	60
4	3	3	3	1	1	1	0	1	1	2	0	0	0	0	5	5	5	5	0	0	1	2	143
3	3	2	3	1	1	1	1	1	2	1	0	0	0	0	5	5	5	5	0	0	4	1	48
4	3	1	3	0	3	2	0	1	1	2	0	0	0	0	5	5	5	5	0	0	1	1	90
3	3	3	3	1	3	2	1	1	2	1	1	1	1	1	3	3	5	4	0	0	1	3	85
2	2	0	3	2	3	1	1	1	2	0	3	1	1	2	1	1	1	2	0	0	1	4	105
2	3	0	3	1	3	2	1	1	2	1	2	3	2	2	1	1	2	2	0	0	1	2	127
4	3	2	3	1	1	2	1	1	2	1	0	0	0	0	5	5	5	5	0	0	2	1	60
1	2	3	3	1	1	1	1	1	2	0	3	4	4	3	3	0	2	3	0	0	1	2	180
3	3	1	3	0	3	1	1	1	2	1	1	0	0	1	0	0	0	4	0	0	1	1	85
3	1	1	3	0	0	1	0	1	1	1	1	0	0	0	4	4	5	5	0	0	0	4	10
3	3	3	3	1	2	1	0	1	1	2	1	1	0	0	5	0	5	0	0	0	1	2	67
0	1	0	3	2	2	0	1	1	1	1	5	4	4	5	0	0	0	0	0	0	1	3	70
1	3	0	4	0	1	1	0	1	2	2	3	4	4	3	4	3	2	4	0	0	2	1	74
3	3	3	4	1	3	2	1	1	2	2	0	0	0	0	5	5	5	5	0	0	0	3	151
0	3	0	4	0	1	2	1	1	2	2	1	1	0	2	3	4	5	0	0	0	4	1	25
1	3	0	4	1	3	2	0	1	2	2	3	4	3	2	4	4	3	4	0	0	1	0	125
4	3	2	4	1	3	2	0	1	2	2	0	3	0	0	5	5	5	5	0	0	1	4	60
3	2	2	4	1	1	1	1	1	2	0	1	0	0	1	4	4	5	5	0	0	2	2	55
0	3	0	4	1	2	0	0	0	1	2	5	5	5	5	2	1	2	0	0	0	1	3	100
2	3	3	4	1	3	2	1	1	2	1	5	4	4	5	3	2	2	0	0	0	1	4	91
3	1	0	4	1	0	1	0	1	1	2	1	0	0	1	4	0	3	4	0	0	2	3	30
0	2	0	4	2	3	1	1	1	2	0	5	4	3	5	0	0	2	0	0	0	0	1	250
1	3	0	4	0	3	1	1	1	2	2	5	4	3	4	1	3	2	2	0	0	2	3	30
3	3	1	4	0	2	2	1	1	2	1	1	0	0	0	5	5	5	5	0	0	4	2	50
3	3	3	4	1	3	2	1	1	2	1	1	0	0	1	0	5	5	3	0	0	2	2	55
3	3	0	4	0	2	1	1	1	2	2	3	3	1	2	0	0	1	0	0	0	4	1	60
3	3	0	4	0	2	1	0	1	2	2	3	3	1	2	0	0	1	0	0	0	4	1	60
4	3	1	4	1	3	1	0	1	2	2	0	0	0	0	5	5	5	5	0	0	0	2	148
3	3	0	4	1	2	2	1	1	2	1	1	0	0	1	4	0	5	4	0	0	1	3	100
3	1	0	4	0	2	1	0	1	2	0	3	1	1	2	1	1	3	1	0	0	2	2	45
4	2	1	4	1	3	2	1	1	2	0	0	0	0	0	5	5	5	5	0	0	0	0	245
0	2	0	4	2	2	1	1	1	2	0	5	5	5	5	1	1	1	0	0	0	0	0	245
2	1	0	4	1	3	1	1	1	2	0	5	5	4	5	1	1	0	2	0	0	2	0	55
3	2	0	4	1	2	1	1	1	2	0	1	0	0	0	5	5	5	5	0	0	2	1	31
2	2	2	4	1	2	2	1	1	2	0	2	4	4	2	0	1	2	0	0	0	0	3	95
2	1	0	4	2	3	1	1	1	2	0	3	4	4	4	3	2	2	2	0	0	2	2	50
3	2	2	4	1	3	2	1	1	2	0	1	0	0	0	5	5	5	5	0	0	1	0	140
4	3	0	4	1	3	2	1	1	2	1	1	0	0	0	0	5	5	5	0	0	4	1	180
3	4	0	4	3	3	1	1	1	0	0	3	1	1	2	0	0	4	4	0	0	2	1	14
2	1	0	4	1	0	0	1	0	2	0	2	1	0	1	0	0	5	0	0	0	2	3	35
2	2	2	4	1	3	1	1	1	2	0	3	4	3	2	2	2	2	4	0	0	2	2	46
4	3	0	4	1	3	2	1	1	2	1	0	0	0	0	5	5	5	5	0	0	1	2	61
4	3	0	4	1	3	2	0	1	1	2	0	0	0	0	5	5	5	5	0	0	4	0	62
4	3	3	4	1	1	0	0	1	1	2	0	0	0	0	5	5	5	5	0	0	3	3	47
3	3	0	4	1	2	1	1	1	2	1	2	1	0	1	0	0	3	0	0	0	1	4	225
2	2	0	4	2	0	2	1	1	1	0	1	4	3	1	3	3	2	4	0	0	1	2	75
1	1	0	4	0	2	1	0	1	2	0	5	5	4	4	0	0	0	2	0	0	2	4	40
2	3	0	4	1	2	2	1	1	2	1	1	0	0	1	5	5	5	5	0	0	1	3	45
3	3	3	4	1	1	2	0	1	1	2	0	0	0	0	5	5	5	5	0	0	0	0	152
3	2	0	4	2	3	2	1	1	2	0	0	0	0	0	5	5	5	5	0	0	1	4	120
4	3	0	4	2	1	1	1	1	2	2	1	0	0	0	5	5	5	5	0	0	2	3	55
4	3	3	4	1	2	1	1	1	2	1	0	0	0	0	5	5	5	5	0	0	0	1	255
1	1	0	4	1	3	1	0	1	2	0	2	0	0	2	2	2	5	3	0	0	3	2	55
2	1	0	4	0	0	1	1	1	2	0	3	2	2	2	3	3	2	3	0	0	2	2	45
3	2	1	4	0	2	1	1	1	2	0	0	0	0	0	5	5	5	5	0	0	1	1	165
4	3	0	4	1	2	2	1	1	2	1	1	0	0	1	4	5	5	5	0	0	3	3	15
3	2	0	4	2	2	2	1	1	2	0	0	0	0	0	5	5	5	5	0	0	1	1	242
3	2	2	4	1	1	1	1	1	2	0	0	1	0	0	4	0	4	5	0	0	1	3	78
2	2	0	4	2	3	1	1	1	2	0	1	0	0	1	1	2	5	1	0	0	1	4	30
2	3	0	4	0	2	1	0	1	2	2	3	4	4	3	4	4	3	0	0	0	1	2	60
2	3	3	4	1	3	2	1	1	2	1	1	0	0	1	4	0	3	4	0	0	2	1	44
1	2	2	4	1	3	1	1	1	2	0	4	4	3	3	4	4	4	4	0	0	2	3	60
3	3	0	4	1	3	2	1	1	2	1	1	0	0	1	5	5	5	1	0	0	2	1	60
4	2	1	4	1	3	2	1	1	2	0	0	0	0	0	5	5	5	5	0	0	1	1	105
0	3	0	4	1	3	1	0	0	2	2	1	1	1	3	4	3	3	2	0	0	3	3	30
2	3	0	4	1	2	1	0	0	1	2	1	0	0	1	4	0	3	4	0	0	2	1	50
1	1	0	4	0	1	1	1	1	2	1	5	4	4	4	4	3	3	0	0	0	4	1	45
4	2	2	4	1	3	2	1	1	2	0	0	0	0	0	5	5	5	5	0	0	1	1	60
1	3	1	4	0	2	1	0	1	1	2	4	4	3	1	4	3	3	4	0	0	0	0	190
1	3	0	4	0	3	1	1	1	2	2	3	4	3	2	3	3	4	2	0	0	4	4	16
3	3	0	4	1	3	2	1	1	2	2	1	0	0	0	0	0	5	5	0	0	2	3	60
2	2	2	4	1	2	1	1	0	2	0	3	5	4	4	3	1	2	4	0	0	2	2	60
1	1	0	4	0	2	1	0	1	2	0	1	4	4	2	4	5	4	4	0	0	1	3	60
4	3	1	4	0	0	1	0	1	1	2	0	0	0	0	5	5	5	5	0	0	4	2	32
0	3	0	4	1	2	0	0	1	1	2	5	5	5	5	0	0	0	0	0	0	2	4	30
2	2	3	4	1	3	2	0	1	0	2	1	2	0	1	0	0	2	0	0	0	1	3	95
2	2	3	4	1	3	2	1	1	2	0	1	2	0	1	0	0	2	0	0	0	2	2	55
3	2	3	4	1	3	2	1	1	2	0	0	0	0	0	5	5	5	5	0	0	1	3	60
0	1	0	4	0	2	1	0	1	2	0	0	0	0	0	5	5	5	5	0	0	1	2	30
0	3	0	4	0	3	2	1	1	2	2	5	5	5	5	0	0	0	0	0	0	2	2	100
3	2	0	4	1	3	1	1	1	2	0	0	0	0	0	5	5	0	5	0	0	1	4	30
2	2	2	4	1	1	1	1	1	2	0	0	0	0	0	5	5	5	5	0	0	3	0	24
2	1	0	4	0	3	1	1	1	2	2	3	4	3	2	3	3	2	4	0	0	3	2	50
4	1	0	4	1	0	0	1	0	2	0	0	0	0	0	5	5	5	5	0	0	1	2	123
2	2	1	4	1	1	1	1	1	2	0	1	2	0	1	0	0	2	0	0	0	2	3	15
3	2	0	4	2	3	0	1	0	2	0	1	1	0	1	1	1	1	1	0	0	2	2	40
0	3	1	4	0	2	1	0	1	1	2	3	5	4	4	4	4	3	4	0	0	1	1	135
2	3	0	4	0	3	2	1	1	2	2	1	4	1	1	3	5	4	4	0	0	1	1	105
2	3	0	4	0	3	2	0	1	2	2	1	4	1	1	3	5	4	4	0	0	2	3	75
2	2	0	4	1	2	1	1	1	2	0	0	2	1	0	5	5	0	5	0	0	2	3	32
4	3	0	4	1	2	2	0	1	2	1	0	0	0	0	5	5	5	5	0	0	0	3	230
0	3	0	4	1	3	1	0	1	2	2	3	2	1	2	3	0	2	0	0	0	2	3	45
2	2	0	4	2	2	1	0	1	1	0	4	4	4	2	4	4	0	4	0	0	2	2	30
1	3	1	4	0	2	2	1	1	2	1	1	0	0	2	5	5	5	3	0	0	1	1	150
1	1	0	4	2	3	1	1	1	2	0	3	4	4	3	4	3	2	4	0	0	1	3	90
0	2	0	4	0	2	1	1	1	2	0	5	5	5	5	0	1	1	0	0	0	4	3	20
3	2	1	4	1	1	2	1	1	2	0	3	1	0	2	0	4	3	0	0	0	2	1	55
3	2	1	4	1	3	1	1	1	2	0	0	0	1	0	5	5	4	5	0	0	2	1	98
4	3	2	4	1	3	2	0	1	1	2	0	0	0	0	5	5	5	5	0	0	1	1	57
1	2	0	4	1	0	1	1	1	2	0	5	4	4	4	4	3	3	0	0	0	2	2	55
2	1	0	4	1	2	1	0	1	2	1	3	5	4	4	0	0	2	2	0	0	3	1	25
3	3	0	4	1	2	1	0	1	2	2	3	1	0	1	0	0	0	1	0	0	2	1	60
4	2	2	4	1	1	1	1	1	2	0	0	0	0	0	5	5	5	5	0	0	4	0	275
1	3	2	4	1	1	1	1	1	2	1	5	4	4	4	0	0	1	1	0	0	4	3	25
4	2	1	4	0	2	1	1	1	2	0	0	0	0	0	5	5	5	5	0	0	1	4	195
3	3	0	4	2	2	2	1	1	2	1	4	4	4	1	4	1	2	4	0	0	1	2	105
1	1	0	4	2	3	2	1	1	2	2	4	3	4	3	4	3	3	3	0	0	1	2	30
1	3	0	4	1	3	2	1	1	2	1	4	3	4	3	3	2	2	4	0	0	1	3	180
2	3	0	4	1	2	2	0	1	2	2	5	4	4	3	3	3	2	4	0	0	1	0	80
2	3	2	4	0	2	1	0	1	1	1	3	3	2	2	3	3	2	4	0	0	0	1	163
4	1	0	4	1	3	1	0	1	2	0	1	0	0	0	5	0	5	5	0	0	2	1	60
4	2	1	4	1	1	1	1	1	2	0	0	0	0	0	5	5	5	5	0	0	1	2	140
2	2	0	4	1	0	1	0	1	2	0	4	4	3	1	4	3	3	4	0	0	3	1	55
2	2	0	4	3	1	1	1	1	1	0	3	4	4	2	3	3	2	1	0	0	0	2	300
2	3	1	4	1	3	2	1	1	2	1	3	4	4	2	4	3	3	4	0	0	2	3	45
2	3	2	4	1	3	1	1	1	2	2	1	3	4	2	1	4	4	0	0	0	1	1	75
3	3	2	4	1	1	1	1	1	2	1	0	0	0	0	5	5	5	5	0	0	1	4	198
2	2	0	4	1	1	1	0	1	1	0	2	1	2	3	4	4	3	4	0	0	2	3	208
4	2	2	4	1	3	1	1	1	2	0	0	0	0	0	5	5	5	5	0	0	4	4	65
0	1	0	4	1	3	1	1	1	2	2	3	4	4	5	1	2	2	0	0	0	1	0	70
2	2	2	4	1	3	2	1	1	2	0	1	2	0	1	0	0	2	0	0	0	1	3	150
4	3	1	4	1	3	1	1	1	2	1	0	0	0	0	5	5	5	5	0	0	3	2	30
2	2	0	4	0	3	1	1	1	2	0	4	4	1	2	2	1	2	3	0	0	1	1	70
4	2	2	4	0	1	1	0	1	0	2	0	0	0	0	5	5	5	5	0	0	3	3	65
2	1	0	4	1	0	1	0	1	1	0	1	4	4	2	5	0	0	4	0	0	2	3	25
4	2	1	4	1	3	1	0	1	0	2	0	0	0	0	5	5	5	5	0	0	0	3	90
2	3	1	4	0	2	1	0	1	1	2	4	3	2	4	0	0	3	2	0	0	3	3	21
3	3	0	4	2	3	2	1	1	2	1	0	0	0	0	5	5	5	5	0	0	2	2	40
3	3	1	4	0	0	2	1	1	2	1	1	0	0	1	5	1	5	2	0	0	3	1	35
3	3	0	4	1	3	1	1	1	2	1	4	4	2	2	2	2	2	1	0	0	1	3	101
2	3	0	4	1	1	1	1	1	2	2	2	3	2	2	1	1	2	2	0	0	2	3	45
2	3	0	4	1	1	1	0	1	2	2	2	3	2	2	1	1	2	2	0	0	2	3	45
3	3	0	4	2	3	2	0	1	1	2	3	1	0	2	1	1	5	1	0	0	1	2	195
2	2	1	4	0	0	1	1	1	2	0	5	4	4	4	3	3	2	0	0	0	2	2	33
4	3	1	4	1	3	1	0	1	1	2	0	0	0	0	5	5	5	5	0	0	2	2	45
4	3	0	4	0	1	2	1	1	2	2	0	0	0	0	5	5	5	5	0	0	4	4	150
4	3	2	4	1	2	2	1	1	2	1	0	0	0	0	5	5	5	5	0	0	1	0	215
4	1	0	4	1	3	1	1	1	2	1	0	0	0	0	5	5	5	5	0	0	2	2	80
2	1	3	4	1	1	1	0	1	1	0	3	4	3	2	4	3	3	4	0	0	0	2	15
4	3	0	4	1	3	1	0	1	2	2	0	0	0	0	5	5	5	5	0	0	0	2	30
0	3	0	4	1	1	1	1	1	2	1	5	5	5	5	1	1	1	1	0	0	1	3	105
2	1	0	4	2	2	1	0	1	2	0	3	1	0	2	0	3	2	4	0	0	3	3	47
4	4	0	4	3	1	2	1	1	0	0	0	0	0	0	5	5	5	5	0	0	1	1	70
4	4	0	4	3	1	2	0	1	0	0	0	0	0	0	5	5	5	5	0	0	1	1	250
3	3	2	4	1	1	1	1	1	2	1	3	1	1	2	4	3	3	4	0	0	2	2	55
3	3	0	2	0	1	1	1	1	1	2	1	0	0	0	5	5	5	5	0	0	1	3	105
3	3	0	2	0	1	1	0	1	2	1	1	0	0	0	5	5	5	5	0	0	1	3	105
4	1	0	4	1	2	2	1	1	2	1	0	0	0	0	5	5	5	5	0	0	0	1	25
3	1	0	4	1	2	1	0	1	2	0	0	0	0	0	5	5	5	5	0	0	1	2	57
3	2	0	4	1	1	2	0	1	2	0	0	1	0	1	5	5	5	5	0	0	1	2	10
0	1	0	4	3	0	1	1	1	1	1	5	5	4	5	2	2	2	1	0	0	1	3	40
3	2	1	4	1	3	2	1	1	2	0	1	1	0	0	0	0	5	5	0	0	3	2	35
4	3	0	4	2	3	2	0	1	2	2	0	0	0	0	5	5	5	5	0	0	0	4	35
4	3	1	4	1	3	2	1	1	2	1	0	0	0	0	5	5	5	5	0	0	1	2	10
4	2	1	4	1	1	1	1	1	2	0	0	0	0	0	5	5	5	5	0	0	3	2	71
1	2	1	4	1	2	1	0	1	1	0	3	2	1	3	2	1	3	3	0	0	1	3	75
2	3	0	4	2	2	2	1	1	2	1	3	4	1	2	0	0	2	3	0	0	2	3	55
2	2	0	4	2	1	1	1	1	2	0	2	2	0	2	2	1	2	0	0	0	1	2	75
2	2	3	4	1	1	1	1	1	2	0	3	3	2	2	4	3	3	4	0	0	2	1	53
2	2	1	4	0	3	2	1	1	2	0	2	1	0	0	4	4	5	5	0	0	1	1	95
2	3	0	4	2	1	2	1	1	2	1	4	4	3	3	0	0	0	3	0	0	2	3	60
3	3	0	4	1	1	1	1	1	2	1	4	4	4	3	0	0	0	4	0	0	1	3	35
4	3	0	4	2	1	1	0	1	1	2	2	4	0	0	0	0	5	5	0	0	1	3	35
3	3	0	4	0	1	1	0	1	1	2	1	1	0	0	5	0	5	0	0	0	1	3	10
1	3	1	4	1	2	1	1	1	2	1	5	5	4	4	3	3	0	3	0	0	3	2	55
2	2	1	4	1	0	1	1	1	2	0	2	3	3	2	0	3	3	1	0	0	2	1	65
4	2	0	4	2	1	1	1	1	1	0	0	0	0	0	5	5	5	5	0	0	1	3	15
3	2	0	4	2	3	2	0	1	1	0	0	0	0	0	5	5	5	5	0	0	1	1	57
2	1	2	4	0	0	0	0	0	1	2	3	1	2	2	4	3	3	3	0	0	3	1	33
3	4	0	4	0	0	1	0	1	0	0	1	0	0	0	0	5	5	0	0	0	1	1	30
4	3	3	4	1	3	2	0	1	1	2	0	0	0	0	5	5	5	5	0	0	0	4	192
0	1	3	4	1	0	1	0	1	2	2	4	4	4	5	1	1	1	0	0	0	1	2	35
2	4	0	4	3	3	2	0	1	0	0	3	4	3	2	4	4	3	4	0	0	1	2	100
2	4	0	4	3	3	2	1	1	0	0	3	4	3	2	4	4	3	4	0	0	1	1	100
1	2	0	4	0	0	0	0	0	0	2	4	3	1	2	0	0	1	2	0	0	4	1	230
0	3	2	4	1	1	1	1	1	2	1	3	4	4	4	0	2	2	0	0	0	1	0	110
4	2	0	4	2	2	1	1	1	2	0	0	0	0	0	5	5	5	5	0	0	1	3	50
3	2	0	4	2	3	2	1	1	2	0	1	1	0	0	0	0	5	5	0	0	2	1	75
4	3	0	4	1	1	2	0	1	2	2	1	0	0	0	5	5	5	5	0	0	4	1	25
3	3	2	4	1	3	1	1	1	2	1	1	0	0	0	5	5	5	5	0	0	1	4	45
0	3	0	4	1	2	2	1	1	2	1	5	5	5	5	2	1	2	3	0	0	2	3	15
3	3	1	4	0	2	2	1	1	2	1	1	0	0	0	5	5	5	5	0	0	3	1	30
2	3	0	4	2	2	2	1	1	2	1	4	4	4	2	4	3	3	4	0	0	1	3	30
4	3	1	4	1	3	2	1	1	2	1	0	0	0	0	5	5	5	5	0	0	3	3	20
0	1	0	4	1	2	0	1	0	2	0	3	5	4	4	2	3	3	0	0	0	4	1	33
2	3	0	4	0	1	1	0	1	2	2	0	0	0	0	5	5	5	5	0	0	0	3	95
4	2	1	4	1	2	1	1	1	2	0	0	0	0	0	5	5	5	5	0	0	2	3	27
1	3	3	4	1	0	2	0	1	2	2	3	4	4	3	3	4	2	2	0	0	1	3	35
2	3	3	4	1	3	1	1	1	2	1	1	4	4	1	5	5	5	3	0	0	2	3	20
3	3	0	4	1	2	2	0	1	2	2	1	0	0	1	4	3	3	4	0	0	2	2	60
0	3	0	4	1	3	1	0	1	2	2	5	4	4	5	1	3	1	2	0	0	0	2	80
4	1	1	4	0	2	2	0	1	1	0	0	0	0	0	5	4	5	5	0	0	0	2	120
4	3	0	4	1	2	1	1	1	2	1	0	0	0	0	5	5	5	5	0	0	0	1	90
1	3	0	4	0	3	1	1	1	2	2	5	5	4	5	3	3	3	1	0	0	1	3	145
2	3	0	4	1	1	2	1	1	2	2	1	1	0	0	4	4	4	5	0	0	3	1	15
2	3	0	4	1	1	0	1	1	2	2	3	2	0	2	3	2	2	4	0	0	2	1	60
2	3	0	4	0	3	2	0	1	2	2	4	2	3	3	2	2	3	3	0	0	2	3	30
1	1	0	5	0	3	1	0	1	2	1	3	1	0	4	3	5	4	0	0	0	1	1	70
4	1	0	5	1	1	0	1	0	2	1	0	0	0	0	5	5	5	5	0	0	2	2	60
4	3	0	5	1	3	2	1	1	2	2	0	0	0	0	5	5	5	5	0	0	2	1	100
3	2	3	5	1	2	2	1	1	2	0	0	0	0	0	5	5	5	5	0	0	0	3	15
3	2	0	5	2	3	1	1	1	2	0	1	1	0	1	5	0	0	2	0	0	0	2	300
4	3	0	5	0	1	1	1	1	2	1	0	0	0	0	5	5	5	5	0	0	4	3	110
2	2	2	3	1	2	2	1	1	2	0	3	1	0	1	0	0	4	4	0	0	1	4	135
2	3	1	5	0	1	2	1	1	2	2	1	0	0	1	1	5	3	4	0	0	1	1	70
2	2	0	5	4	1	2	1	1	1	0	3	1	1	2	0	0	1	3	0	0	1	2	130
2	3	0	5	1	2	2	1	1	2	2	0	0	0	0	5	5	5	5	0	0	1	1	125
1	3	0	5	0	2	1	0	1	2	2	5	4	4	4	4	3	3	0	0	0	3	3	15
0	3	3	5	1	3	1	1	1	2	1	1	4	4	3	1	5	3	0	0	0	2	4	80
0	1	2	5	1	2	1	0	1	2	1	5	4	4	5	1	1	1	1	0	0	4	0	30
2	3	2	5	1	2	2	0	1	1	2	3	1	1	2	0	3	3	4	0	0	2	0	10
4	2	2	5	1	3	1	1	1	2	0	0	0	0	0	5	5	5	5	0	0	1	1	260
3	3	0	5	0	2	1	0	1	2	2	1	0	0	0	5	5	5	5	0	0	1	3	70
1	2	1	5	1	2	1	1	1	2	0	1	1	3	1	4	4	3	4	0	0	1	0	25
3	3	2	5	1	3	2	1	1	2	1	0	0	0	0	5	5	5	5	0	0	0	3	120
1	3	1	5	1	2	1	1	1	2	1	4	4	4	5	2	4	3	0	0	0	4	4	145
4	2	3	5	1	1	2	1	1	2	0	0	0	0	0	5	5	5	5	0	0	1	3	50
3	3	0	5	0	1	2	0	1	1	2	2	1	0	1	0	0	1	2	0	0	2	1	60
3	4	1	6	1	3	1	1	1	0	0	0	0	0	0	5	5	5	5	0	0	4	0	70
0	3	0	6	1	0	2	1	1	2	2	5	5	5	5	2	3	0	0	0	0	3	2	160
0	3	0	6	1	0	2	0	1	2	2	5	5	5	5	2	3	0	0	0	0	1	0	275
0	1	3	0	1	3	0	0	1	2	2	5	5	4	5	1	1	1	1	0	0	4	0	115